1 243.033920 243.033920
2 266.231354 245.353668
3 249.060730 245.724380
4 255.035660 246.655502
5 251.592041 247.149155
6 239.186768 246.352921
7 255.649139 247.282547
8 247.350189 247.289307
9 270.865356 249.646912
10 277.502045 252.432419
11 242.489487 251.438126
12 264.103821 252.704697
13 262.792969 253.713531
14 261.079285 254.450104
15 265.893280 255.594421
16 296.284943 259.663483
17 265.091644 260.206299
18 253.987610 259.584442
19 254.539368 259.079926
20 262.881348 259.460083
21 220.403397 255.554413
22 217.643799 251.763351
23 217.157120 248.302734
24 229.296326 246.402100
25 235.669159 245.328812
26 221.830170 242.978943
27 215.618851 240.242935
28 225.248047 238.743439
29 237.801178 238.649216
30 247.091278 239.493423
31 323.737732 247.917847
32 374.426575 260.568726
33 339.422974 268.454163
34 334.077972 275.016541
35 347.218536 282.236755
36 346.908752 288.703949
37 343.326294 294.166199
38 338.798370 298.629425
39 330.156006 301.782074
40 336.683472 305.272217
41 179.116165 292.656616
42 181.256516 281.516602
43 184.370667 271.802002
44 161.720215 260.793823
45 192.500900 253.964539
46 181.839249 246.752014
47 169.699753 239.046783
48 194.923950 234.634506
49 184.505234 229.621582
50 178.377243 224.497147
51 427.562683 244.803696
52 404.070526 260.730377
53 435.377167 278.195068
54 412.014740 291.577026
55 427.576202 305.176941
56 413.678162 316.027069
57 424.133057 326.837677
58 401.433624 334.297272
59 417.968201 342.664368
60 404.515137 348.849457
61 426.030548 356.567566
62 426.712952 363.582092
63 434.705353 370.694427
64 392.913330 372.916321
65 409.032501 376.527954
66 428.959839 381.771149
67 401.613037 383.755341
68 401.313477 385.511169
69 396.620544 386.622101
70 407.503632 388.710266
71 374.881439 387.327393
72 383.834412 386.978088
73 375.126068 385.792877
74 368.342590 384.047852
75 375.208954 383.163971
76 362.418243 381.089386
77 387.727722 381.753235
78 367.726501 380.350555
79 373.710114 379.686523
80 371.414062 378.859283
81 285.506927 369.524048
82 286.799133 361.251556
83 280.649017 353.191315
84 288.071991 346.679382
85 289.028839 340.914337
86 279.212158 334.744110
87 254.194031 326.689087
88 272.639740 321.284149
89 276.069824 316.762726
90 296.248962 314.711365
91 215.675278 304.807770
92 207.651947 295.092194
93 226.522278 288.235199
94 214.857864 280.897461
95 216.504364 274.458160
96 209.202484 267.932587
97 222.793762 263.418701
98 229.968277 260.073669
99 229.875565 257.053864
100 219.070648 253.255539
101 426.822754 270.612274
102 368.662384 280.417297
103 382.371826 290.612762
104 391.930023 300.744476
105 406.047882 311.274811
106 383.075195 318.454865
107 383.356415 324.945007
108 380.315765 330.482086
109 391.580017 336.591888
110 390.542084 341.986908
111 193.026489 327.090881
112 184.854309 312.867218
113 209.555603 302.536072
114 176.595169 289.941986
115 179.417068 278.889496
116 186.011795 269.601715
117 189.081558 261.549713
118 172.322220 252.626968
119 188.736206 246.237885
120 165.899246 238.204025
121 368.724884 251.256104
122 359.862793 262.116760
123 374.888794 273.393951
124 377.673157 283.821869
125 357.520477 291.191742
126 362.840485 298.356628
127 363.356750 304.856628
128 335.975708 307.968536
129 378.896667 315.061340
130 353.763153 318.931519
131 238.226807 310.861053
132 250.420761 304.817017
133 253.159561 299.651276
134 223.382523 292.024414
135 221.246826 284.946655
136 220.653107 278.517303
137 227.251556 273.390717
138 208.135529 266.865204
139 224.328522 262.611542
140 212.865677 257.636963
141 157.802475 247.653519
142 143.714279 237.259598
143 160.485748 229.582214
144 151.694534 221.793442
145 167.617828 216.375885
146 156.129150 210.351212
147 154.937027 204.809799
148 150.561157 199.384933
149 145.511215 193.997559
150 159.974976 190.595306
151 284.034607 199.939240
152 263.423737 206.287689
153 262.914917 211.950409
154 263.259430 217.081314
155 261.590149 221.532196
156 250.079346 224.386917
157 256.862244 227.634445
158 245.716278 229.442627
159 244.704453 230.968811
160 245.356262 232.407562
161 190.445618 228.211365
162 196.880600 225.078293
163 183.617798 220.932251
164 200.919952 218.931015
165 193.225555 216.360474
166 195.104568 214.234879
167 176.614853 210.472870
168 176.090271 207.034607
169 176.412109 203.972351
170 170.009796 200.576096
171 153.263092 195.844788
172 148.414352 191.101746
173 149.953033 186.986877
174 144.301117 182.718307
175 150.803406 179.526825
176 141.165588 175.690704
177 160.145279 174.136169
178 145.390076 171.261566
179 128.819305 167.017334
180 149.720703 165.287674
181 89.609879 157.719894
182 95.509293 151.498840
183 84.587814 144.807739
184 85.390228 138.865982
185 96.089149 134.588303
186 83.844086 129.513885
187 82.523872 124.814880
188 84.774261 120.810822
189 86.223457 117.352081
190 89.923126 114.609184
191 88.999992 112.048264
192 101.354111 110.978851
193 96.086563 109.489624
194 108.721939 109.412857
195 94.330513 107.904625
196 98.017563 106.915916
197 103.070198 106.531342
198 97.123268 105.590530
199 101.060333 105.137512
200 91.983475 103.822105
201 136.245926 107.064484
202 121.052132 108.463249
203 130.563843 110.673309
204 110.471725 110.653152
205 123.637215 111.951561
206 109.318932 111.688301
207 117.090698 112.228539
208 122.582062 113.263893
209 115.133217 113.450829
210 118.502502 113.955994
211 129.202072 115.480598
212 121.465744 116.079117
213 120.733101 116.544518
214 107.203537 115.610420
215 112.280792 115.277458
216 111.417603 114.891472
217 113.418335 114.744156
218 107.234032 113.993141
219 103.291420 112.922966
220 104.909317 112.121597
221 105.850319 111.494469
222 118.771980 112.222221
223 101.402374 111.140236
224 105.111557 110.537369
225 105.320953 110.015724
226 99.126587 108.926811
227 102.050606 108.239189
228 91.242905 106.539558
229 85.767120 104.462318
230 97.615395 103.777626
231 63.287251 99.728592
232 65.490372 96.304771
233 60.679665 92.742264
234 59.050568 89.373093
235 69.162659 87.352051
236 57.586872 84.375534
237 60.310295 81.969009
238 64.531349 80.225243
239 61.130245 78.315742
240 55.589993 76.043167
241 53.444588 73.783310
242 57.738953 72.178871
243 53.671501 70.328133
244 42.885876 67.583908
245 50.115383 65.837059
246 59.151230 65.168472
247 51.976986 63.849323
248 47.038342 62.168224
249 43.831802 60.334583
250 45.297928 58.830917
251 53.930931 58.340919
252 57.889458 58.295773
253 50.065510 57.472748
254 61.164597 57.841934
255 55.812775 57.639019
256 56.108765 57.485992
257 53.917698 57.129162
258 53.219696 56.738216
259 53.998894 56.464283
260 49.325535 55.750408
261 41.483387 54.323708
262 47.284264 53.619762
263 48.140434 53.071831
264 51.567661 52.921413
265 43.078899 51.937160
266 45.475220 51.290966
267 39.658855 50.127754
268 44.482208 49.563198
269 42.000629 48.806942
270 47.924862 48.718735
271 47.208233 48.567684
272 47.007305 48.411648
273 31.602345 46.730717
274 37.161995 45.773846
275 50.106331 46.207092
276 39.087814 45.495163
277 33.619766 44.307625
278 39.784489 43.855312
279 35.236481 42.993431
280 35.840279 42.278114
281 52.566097 43.306911
282 47.104607 43.686680
283 46.970711 44.015083
284 38.879326 43.501507
285 38.319355 42.983292
286 37.739601 42.458923
287 43.568092 42.569839
288 44.134644 42.726318
289 42.284039 42.682091
290 42.120529 42.625935
291 42.689651 42.632305
292 42.323700 42.601444
293 45.622841 42.903584
294 40.741093 42.687336
295 44.323841 42.850986
296 41.050987 42.670986
297 40.208038 42.424690
298 35.912235 41.773445
299 37.592148 41.355316
300 34.782082 40.697994
301 37.364754 40.364670
302 31.780701 39.506271
303 37.875195 39.343163
304 40.528828 39.461731
305 29.315445 38.447102
306 35.712334 38.173626
307 40.865486 38.442810
308 35.656567 38.164185
309 27.380329 37.085800
310 31.566437 36.533863
311 34.189472 36.299423
312 37.373199 36.406799
313 31.727390 35.938858
314 39.784824 36.323456
315 32.729424 35.964054
316 29.609352 35.328583
317 31.351812 34.930904
318 29.978031 34.435616
319 33.495129 34.341568
320 29.469383 33.854351
321 35.792313 34.048149
322 30.351156 33.678452
323 29.848122 33.295418
324 32.388470 33.204723
325 33.104816 33.194733
326 31.750624 33.050323
327 26.184292 32.363720
328 30.334150 32.160763
329 35.258427 32.470528
330 25.233879 31.746862
331 32.760254 31.848202
332 27.703485 31.433731
333 27.208115 31.011169
334 35.869289 31.496981
335 32.606876 31.607971
336 36.123844 32.059559
337 30.794390 31.933043
338 28.767473 31.616486
339 28.351263 31.289963
340 30.155931 31.176559
341 29.110952 30.969999
342 28.617838 30.734783
343 31.547667 30.816072
344 31.804907 30.914955
345 27.609350 30.584394
346 33.228241 30.848780
347 25.831081 30.347010
348 30.380388 30.350348
349 28.968584 30.212172
350 27.822216 29.973175
351 27.790916 29.754950
352 30.976189 29.877073
353 27.862865 29.675652
354 24.500593 29.158146
355 28.485703 29.090902
356 31.976379 29.379450
357 25.495211 28.991026
358 24.789080 28.570831
359 29.660372 28.679785
360 25.192659 28.331072
361 27.953642 28.293329
362 29.458469 28.409843
363 27.051233 28.273983
364 25.129059 27.959490
365 25.629494 27.726490
366 23.951437 27.348984
367 22.805233 26.894609
368 24.681433 26.673292
369 20.904232 26.096386
370 21.526150 25.639362
371 25.416037 25.617029
372 27.200525 25.775379
373 23.562162 25.554058
374 22.644909 25.263144
375 23.462908 25.083120
376 26.016718 25.176479
377 22.706997 24.929531
378 24.713705 24.907948
379 24.215101 24.838663
380 21.985659 24.553362
381 27.897621 24.887789
382 35.083466 25.907356
383 25.674824 25.884104
384 31.384193 26.434113
385 26.215263 26.412228
386 28.919195 26.662924
387 30.159952 27.012627
388 25.107325 26.822096
389 26.826059 26.822493
390 31.290337 27.269278
391 28.007114 27.343061
392 30.092510 27.618006
393 25.543941 27.410599
394 27.207586 27.390297
395 29.494770 27.600744
396 23.699799 27.210649
397 26.179907 27.107574
398 22.379986 26.634815
399 24.691584 26.440493
400 28.456490 26.642092
401 35.722473 27.550129
402 29.035141 27.698629
403 31.514339 28.080200
404 24.635860 27.735765
405 31.122362 28.074425
406 27.838449 28.050827
407 28.753609 28.121105
408 25.464336 27.855429
409 30.665319 28.136417
410 30.399895 28.362764
411 26.182423 28.144730
412 24.618702 27.792128
413 24.001217 27.413036
414 23.402443 27.011976
415 25.191954 26.829973
416 23.633747 26.510351
417 24.682659 26.327581
418 22.227352 25.917559
419 20.445013 25.370304
420 26.057089 25.438982
421 29.966877 25.891771
422 28.451365 26.147730
423 22.400093 25.772966
424 24.109955 25.606665
425 24.739489 25.519947
426 21.692759 25.137228
427 27.700676 25.393574
428 28.279846 25.682201
429 25.475183 25.661499
430 29.038059 25.999155
431 24.707161 25.869955
432 24.169209 25.699881
433 25.516993 25.681591
434 22.352005 25.348633
435 24.293282 25.243097
436 20.369009 24.755688
437 23.743113 24.654430
438 25.580500 24.747038
439 22.163145 24.488649
440 30.731401 25.112925
441 22.180462 24.819679
442 19.888826 24.326593
443 24.408630 24.334797
444 25.807875 24.482105
445 25.307247 24.564619
446 23.123447 24.420502
447 20.818787 24.060329
448 22.102144 23.864511
449 23.872030 23.865263
450 19.845709 23.463308
451 23.418823 23.458860
452 23.397243 23.452698
453 23.636864 23.471115
454 22.837946 23.407799
455 26.732985 23.740318
456 24.720205 23.838306
457 23.627008 23.817177
458 20.656963 23.501156
459 25.922075 23.743248
460 27.563057 24.125229
461 20.504879 23.763193
462 22.741680 23.661041
463 26.070925 23.902029
464 22.342285 23.746056
465 19.512680 23.322718
466 17.986870 22.789133
467 19.947445 22.504965
468 20.252346 22.279703
469 18.796301 21.931362
470 18.765558 21.614782
471 21.918509 21.645155
472 19.305454 21.411184
473 20.268723 21.296938
474 16.650959 20.832340
475 20.220274 20.771133
476 17.558939 20.449913
477 17.446472 20.149569
478 18.957487 20.030361
479 21.755959 20.202921
480 20.304436 20.213072
481 16.296801 19.821445
482 21.119684 19.951269
483 19.268082 19.882950
484 21.868671 20.081522
485 21.381929 20.211563
486 19.092922 20.099699
487 19.626940 20.052423
488 17.786375 19.825819
489 22.216194 20.064857
490 18.370182 19.895390
491 20.577484 19.963598
492 19.958214 19.963060
493 20.520275 20.018782
494 20.829576 20.099861
495 18.752542 19.965130
496 20.839716 20.052589
497 21.644180 20.211748
498 20.600615 20.250635
499 15.836285 19.809200
500 15.960599 19.424339
501 19.212833 19.403189
502 24.135201 19.876390
503 19.023643 19.791117
504 15.544368 19.366442
505 19.959139 19.425711
506 22.790653 19.762205
507 21.787975 19.964783
508 24.447857 20.413090
509 21.051928 20.476974
510 17.570448 20.186321
511 17.885180 19.956207
512 19.683645 19.928951
513 19.145029 19.850559
514 16.912498 19.556753
515 18.395124 19.440590
516 18.542767 19.350807
517 14.328973 18.848623
518 14.576156 18.421377
519 15.293244 18.108564
520 16.380598 17.935768
521 24.108929 18.553083
522 20.672716 18.765047
523 23.568558 19.245398
524 28.650524 20.185909
525 22.206509 20.387970
526 21.480844 20.497257
527 24.105276 20.858059
528 20.439014 20.816154
529 23.417368 21.076275
530 22.185305 21.187178
531 21.871552 21.255615
532 21.215134 21.251568
533 23.860985 21.512510
534 21.979752 21.559235
535 20.544250 21.457737
536 19.374411 21.249405
537 19.973358 21.121799
538 19.799654 20.989586
539 16.411762 20.531803
540 19.829849 20.461607
541 20.890917 20.504538
542 21.939096 20.647993
543 20.637390 20.646933
544 22.218830 20.804123
545 20.530897 20.776800
546 21.357754 20.834896
547 24.811222 21.232529
548 21.334593 21.242735
549 24.884590 21.606920
550 23.258413 21.772070
551 17.522694 21.347132
552 14.983231 20.710741
553 17.524818 20.392149
554 15.156694 19.868603
555 13.767527 19.258495
556 15.145505 18.847197
557 14.696040 18.432081
558 16.971109 18.285984
559 14.150312 17.872417
560 14.543079 17.539484
561 15.999198 17.385456
562 16.421614 17.289072
563 19.312784 17.491444
564 16.313845 17.373684
565 17.227158 17.359032
566 13.326144 16.955744
567 16.106382 16.870808
568 16.775652 16.861292
569 15.058447 16.681007
570 14.648846 16.477791
571 13.747553 16.204767
572 15.752869 16.159576
573 14.638478 16.007467
574 13.746941 15.781415
575 16.422190 15.845492
576 13.160683 15.577011
577 20.017874 16.021097
578 16.990805 16.118069
579 17.824837 16.288746
580 15.976446 16.257515
581 17.210339 16.352797
582 16.145969 16.332113
583 19.292339 16.628136
584 15.583447 16.523666
585 14.236321 16.294931
586 16.278696 16.293308
587 19.218571 16.585835
588 17.706366 16.697887
589 15.615579 16.589657
590 17.104464 16.641138
591 16.600975 16.637121
592 22.529152 17.226324
593 21.768261 17.680517
594 22.636820 18.176147
595 22.530363 18.611568
596 17.517735 18.502186
597 19.257298 18.577698
598 24.962919 19.216221
599 22.125643 19.507164
600 18.921148 19.448563
601 17.248402 19.228546
602 16.866901 18.992382
603 14.259315 18.519075
604 15.558588 18.223026
605 17.706017 18.171326
606 14.311088 17.785301
607 20.773623 18.084133
608 16.318544 17.907574
609 13.747578 17.491573
610 16.127859 17.355202
611 17.760323 17.395714
612 20.377586 17.693901
613 18.828518 17.807364
614 18.445896 17.871216
615 23.441902 18.428284
616 21.096834 18.695139
617 20.216455 18.847271
618 17.106155 18.673159
619 20.125923 18.818436
620 24.958406 19.432432
621 21.358025 19.624992
622 15.579517 19.220446
623 17.051739 19.003574
624 18.398657 18.943083
625 17.017778 18.750553
626 12.728693 18.148367
627 14.745107 17.808041
628 12.860703 17.313307
629 12.939290 16.875906
630 15.310871 16.719402
631 17.355368 16.782999
632 19.588507 17.063549
633 17.862743 17.143469
634 19.111012 17.340223
635 19.001440 17.506346
636 20.982035 17.853914
637 16.199486 17.688471
638 16.063053 17.525928
639 23.588078 18.132143
640 17.604790 18.079407
641 18.724020 18.143867
642 14.866453 17.816126
643 18.855989 17.920113
644 15.100139 17.638115
645 19.477226 17.822025
646 14.699913 17.509813
647 16.226723 17.381504
648 13.035797 16.946934
649 11.418532 16.394094
650 15.511395 16.305824
651 10.851217 15.760364
652 14.431643 15.627492
653 15.578939 15.622637
654 14.599223 15.520295
655 11.190039 15.087270
656 15.156952 15.094238
657 12.059771 14.790792
658 15.542162 14.865929
659 15.371449 14.916481
660 13.204317 14.745265
661 16.849461 14.955685
662 17.276726 15.187789
663 15.483639 15.217374
664 16.405714 15.336208
665 15.157244 15.318312
666 14.887020 15.275183
667 12.667244 15.014389
668 16.330265 15.145977
669 18.752132 15.506593
670 15.082975 15.464231
671 15.822298 15.500038
672 12.229998 15.173034
673 14.113305 15.067060
674 13.563553 14.916710
675 14.938436 14.918882
676 12.030372 14.630032
677 14.033607 14.570389
678 14.791718 14.592522
679 10.752558 14.208526
680 14.173068 14.204980
681 11.563565 13.940839
682 8.541895 13.400945
683 13.281099 13.388960
684 12.323087 13.282372
685 11.647755 13.118911
686 14.250823 13.232102
687 14.127335 13.321626
688 14.009262 13.390389
689 17.326366 13.783987
690 16.227222 14.028311
691 12.130722 13.838552
692 9.712306 13.425927
693 14.469616 13.530296
694 14.207331 13.598000
695 14.485929 13.686792
696 12.278170 13.545930
697 10.948003 13.286138
698 12.002110 13.157735
699 13.053635 13.147325
700 13.794145 13.212007
701 11.400983 13.030904
702 15.550521 13.282866
703 12.502377 13.204817
704 14.947536 13.379088
705 9.216700 12.962850
706 10.694881 12.736053
707 12.731457 12.735593
708 11.878649 12.649899
709 12.589083 12.643817
710 13.661539 12.745589
711 9.374337 12.408464
712 13.244902 12.492108
713 9.897293 12.232627
714 10.270229 12.036387
715 10.567180 11.889466
716 12.440331 11.944552
717 14.841297 12.234227
718 12.523067 12.263111
719 10.390179 12.075818
720 16.249510 12.493187
721 10.745317 12.318399
722 12.313665 12.317926
723 13.650917 12.451225
724 12.807026 12.486805
725 13.716627 12.609787
726 11.726837 12.521492
727 9.757154 12.245058
728 14.981424 12.518695
729 12.149199 12.481746
730 16.341484 12.867720
731 11.994605 12.780408
732 11.449387 12.647305
733 12.881126 12.670688
734 14.069665 12.810585
735 14.816760 13.011203
736 17.612684 13.471351
737 14.974769 13.621693
738 18.141960 14.073719
739 18.007816 14.467129
740 15.056079 14.526024
741 12.972261 14.370647
742 14.865554 14.420138
743 12.062791 14.184403
744 11.329370 13.898900
745 12.902493 13.799259
746 10.074207 13.426754
747 13.854993 13.469578
748 9.726854 13.095305
749 13.380144 13.123790
750 12.470163 13.058427
751 11.869356 12.939520
752 9.978045 12.643373
753 12.457437 12.624779
754 10.597342 12.422035
755 12.951906 12.475022
756 12.868158 12.514336
757 12.481804 12.511083
758 11.767962 12.436770
759 10.693102 12.262403
760 9.889545 12.025118
761 10.987837 11.921390
762 10.904342 11.819685
763 12.049797 11.842696
764 10.988058 11.757233
765 8.058918 11.387402
766 9.838059 11.232468
767 9.888633 11.098084
768 11.557385 11.144014
769 10.551676 11.084781
770 11.781828 11.154486
771 11.634394 11.202477
772 14.029925 11.485222
773 13.267781 11.663478
774 13.094463 11.806577
775 16.928974 12.318816
776 13.660973 12.453032
777 11.858232 12.393552
778 11.957105 12.349907
779 10.685364 12.183453
780 12.093554 12.174462
781 14.091448 12.366161
782 13.538413 12.483387
783 12.888418 12.523890
784 12.269084 12.498410
785 13.232017 12.571771
786 17.481068 13.062700
787 13.192686 13.075699
788 16.208921 13.389021
789 10.247755 13.074894
790 14.660659 13.233471
791 17.486868 13.658811
792 10.351147 13.328044
793 10.348620 13.030102
794 11.071984 12.834290
795 9.564077 12.507268
796 11.843632 12.440905
797 7.372960 11.934111
798 12.726055 12.013305
799 11.210239 11.932999
800 11.624075 11.902106
801 13.841575 12.096053
802 11.576173 12.044065
803 12.001720 12.039831
804 13.269396 12.162787
805 12.966609 12.243170
806 15.576728 12.576526
807 15.281478 12.847021
808 12.390467 12.801366
809 15.074834 13.028712
810 9.993946 12.725236
811 11.492481 12.601960
812 12.585992 12.600364
813 8.939688 12.234296
814 8.956967 11.906563
815 12.188713 11.934778
816 9.134007 11.654701
817 8.747555 11.363987
818 12.397452 11.467334
819 12.029283 11.523529
820 8.946858 11.265862
821 11.028227 11.242098
822 9.856811 11.103569
823 10.801217 11.073334
824 10.683852 11.034386
825 9.831097 10.914057
826 8.678361 10.690487
827 9.666171 10.588056
828 9.059875 10.435238
829 11.396452 10.531360
830 9.470549 10.425279
831 11.799264 10.562677
832 12.006379 10.707047
833 13.814850 11.017828
834 14.092027 11.325248
835 14.411450 11.633868
836 14.359881 11.906469
837 12.130711 11.928893
838 10.971159 11.833119
839 11.648415 11.814649
840 15.345959 12.167780
841 12.507270 12.201729
842 11.231163 12.104672
843 14.239777 12.318183
844 12.542204 12.340585
845 13.293967 12.435923
846 9.805814 12.172912
847 16.262236 12.581844
848 13.806834 12.704344
849 15.008833 12.934793
850 12.566859 12.897999
851 14.446629 13.052862
852 8.031658 12.550742
853 13.664005 12.662068
854 12.229128 12.618774
855 12.267943 12.583692
856 9.360747 12.261397
857 12.003402 12.235598
858 10.784622 12.090500
859 13.761815 12.257631
860 10.948580 12.126726
861 7.832243 11.697278
862 10.386276 11.566177
863 8.710247 11.280584
864 12.988840 11.451410
865 10.152528 11.321522
866 10.726663 11.262035
867 11.864991 11.322330
868 9.929346 11.183032
869 6.428305 10.707560
870 7.120927 10.348896
871 8.291196 10.143126
872 12.638227 10.392635
873 8.522297 10.205602
874 10.720729 10.257114
875 12.729113 10.504314
876 10.828316 10.536715
877 10.136250 10.496668
878 11.060283 10.553029
879 10.187582 10.516484
880 12.619843 10.726820
881 9.351789 10.589317
882 11.669637 10.697350
883 10.606175 10.688232
884 12.298690 10.849278
885 11.923944 10.956745
886 13.163247 11.177395
887 12.594381 11.319094
888 13.262479 11.513433
889 8.742732 11.236362
890 13.533718 11.466098
891 14.417368 11.761225
892 14.093656 11.994468
893 11.133272 11.908348
894 11.081745 11.825687
895 15.337263 12.176845
896 13.150909 12.274251
897 12.717249 12.318551
898 12.783010 12.364997
899 12.548833 12.383381
900 12.107874 12.355830
901 10.612100 10.612100
902 11.152811 10.666171
903 11.448158 10.744370
904 9.921104 10.662043
905 10.006334 10.596472
906 10.188729 10.555697
907 10.343127 10.534440
908 11.173487 10.598345
909 10.135654 10.552075
910 10.081252 10.504993
911 10.765676 10.531061
912 8.229594 10.300915
913 12.838968 10.554720
914 13.115413 10.810789
915 12.725729 11.002283
916 11.171979 11.019253
917 9.689141 10.886242
918 9.821538 10.779772
919 9.189874 10.620782
920 8.192208 10.377925
921 10.080030 10.348136
922 13.033002 10.616623
923 9.735480 10.528509
924 9.448105 10.420468
925 9.697171 10.348139
926 9.930737 10.306398
927 10.945875 10.370346
928 9.806437 10.313955
929 7.806624 10.063222
930 9.237414 9.980641
931 11.996027 10.182180
932 15.305566 10.694519
933 16.545145 11.279582
934 14.492743 11.600898
935 17.302055 12.171014
936 11.896810 12.143594
937 12.569076 12.186142
938 9.915385 11.959066
939 11.007915 11.863952
940 10.928054 11.770362
941 8.453305 11.438656
942 9.929850 11.287775
943 9.732228 11.132220
944 13.455232 11.364521
945 8.271360 11.055205
946 7.436568 10.693341
947 10.245181 10.648525
948 9.298010 10.513474
949 9.912527 10.453379
950 10.038717 10.411913
951 7.646057 10.135327
952 10.727587 10.194553
953 7.846864 9.959785
954 7.444025 9.708208
955 13.799572 10.117345
956 8.589472 9.964558
957 9.077895 9.875892
958 10.593531 9.947656
959 10.410770 9.993967
960 9.583685 9.952939
961 9.459129 9.903558
962 8.648678 9.778069
963 9.718592 9.772121
964 8.385341 9.633444
965 6.143504 9.284450
966 9.739623 9.329967
967 10.360777 9.433047
968 11.175935 9.607336
969 12.223001 9.868902
970 8.413791 9.723391
971 11.275937 9.878645
972 11.461250 10.036905
973 10.558647 10.089080
974 10.628866 10.143059
975 10.351515 10.163904
976 11.018984 10.249413
977 12.123563 10.436828
978 15.736876 10.966832
979 8.313541 10.701503
980 10.445410 10.675894
981 11.026531 10.710958
982 9.298470 10.569709
983 7.861054 10.298843
984 9.226580 10.191617
985 8.294916 10.001947
986 8.736860 9.875439
987 10.703914 9.958286
988 9.463371 9.908794
989 8.419483 9.759863
990 8.716662 9.655543
991 16.429688 10.332958
992 9.282002 10.227862
993 12.853785 10.490455
994 11.580435 10.599453
995 14.297553 10.969263
996 12.571591 11.129496
997 13.801867 11.396732
998 11.617090 11.418768
999 11.802441 11.457135
1000 12.702676 11.581689
1001 10.321193 10.321193
1002 7.505905 10.039664
1003 7.460676 9.781765
1004 10.006990 9.804288
1005 9.335726 9.757432
1006 9.644420 9.746131
1007 11.131250 9.884643
1008 9.772738 9.873452
1009 12.972200 10.183327
1010 10.969301 10.261924
1011 8.261097 10.061841
1012 6.976723 9.753329
1013 8.325453 9.610541
1014 10.257758 9.675263
1015 6.962585 9.403996
1016 10.975977 9.561193
1017 8.091628 9.414237
1018 8.460958 9.318909
1019 9.093808 9.296398
1020 7.689834 9.135742
1021 7.712289 8.993397
1022 7.793374 8.873394
1023 11.179543 9.104009
1024 9.254060 9.119014
1025 9.429815 9.150094
1026 7.276882 8.962772
1027 8.196836 8.886179
1028 7.188290 8.716390
1029 8.907156 8.735466
1030 7.661121 8.628032
1031 14.881591 9.253387
1032 8.738920 9.201941
1033 10.463150 9.328061
1034 11.579893 9.553245
1035 14.493114 10.047232
1036 16.035683 10.646077
1037 15.839899 11.165460
1038 13.136349 11.362549
1039 9.791541 11.205448
1040 11.899005 11.274804
1041 12.778028 11.425126
1042 9.468720 11.229486
1043 7.321829 10.838720
1044 9.271894 10.682037
1045 8.506104 10.464444
1046 11.814552 10.599455
1047 10.859126 10.625422
1048 10.090281 10.571907
1049 9.830153 10.497731
1050 9.455572 10.393516
1051 18.021255 11.156290
1052 11.107014 11.151362
1053 15.148193 11.551045
1054 10.451370 11.441078
1055 13.624147 11.659385
1056 10.840290 11.577476
1057 13.959483 11.815677
1058 15.747975 12.208906
1059 11.706502 12.158666
1060 11.412158 12.084015
1061 11.528523 12.028466
1062 14.738174 12.299437
1063 13.347329 12.404226
1064 10.952969 12.259101
1065 13.218966 12.355087
1066 10.224856 12.142064
1067 14.915923 12.419450
1068 12.967638 12.474269
1069 10.714275 12.298269
1070 10.436097 12.112052
1071 9.278028 11.828650
1072 8.391895 11.484974
1073 10.435499 11.380027
1074 10.104130 11.252438
1075 11.563139 11.283507
1076 11.476756 11.302833
1077 10.211364 11.193686
1078 12.880594 11.362376
1079 11.134187 11.339558
1080 7.683504 10.973952
1081 13.191125 11.195669
1082 8.445313 10.920633
1083 12.186188 11.047189
1084 9.796227 10.922092
1085 9.370596 10.766943
1086 11.849346 10.875183
1087 12.319490 11.019614
1088 10.568727 10.974525
1089 10.776647 10.954738
1090 13.732943 11.232558
1091 9.173303 11.026632
1092 8.330112 10.756980
1093 8.959739 10.577256
1094 7.640330 10.283564
1095 6.993248 9.954532
1096 8.639514 9.823030
1097 12.059010 10.046628
1098 11.510713 10.193036
1099 10.308596 10.204592
1100 11.764025 10.360535
1101 11.669172 10.491399
1102 8.612339 10.303493
1103 14.242139 10.697357
1104 15.977209 11.225343
1105 12.069578 11.309767
1106 12.677353 11.446526
1107 11.004714 11.402345
1108 14.810972 11.743208
1109 13.654064 11.934294
1110 14.345673 12.175431
1111 11.246012 12.082489
1112 12.303685 12.104609
1113 11.511727 12.045321
1114 7.884844 11.629272
1115 8.008077 11.267153
1116 8.838538 11.024291
1117 8.504906 10.772352
1118 11.953629 10.890480
1119 9.122928 10.713725
1120 10.781822 10.720535
1121 7.458268 10.394308
1122 9.329084 10.287786
1123 8.731178 10.132125
1124 6.391824 9.758095
1125 8.930780 9.675364
1126 10.249642 9.732792
1127 8.862733 9.645786
1128 7.073782 9.388586
1129 9.638352 9.413563
1130 8.683062 9.340512
1131 10.902250 9.496686
1132 12.200940 9.767112
1133 12.562725 10.046673
1134 17.188105 10.760816
1135 14.754229 11.160157
1136 16.041687 11.648311
1137 14.162573 11.899736
1138 14.477529 12.157516
1139 9.457303 11.887494
1140 8.872864 11.586031
1141 9.723324 11.399760
1142 8.006783 11.060463
1143 12.980661 11.252482
1144 11.114994 11.238733
1145 10.013707 11.116231
1146 10.840750 11.088683
1147 12.405619 11.220377
1148 7.847577 10.883097
1149 10.482689 10.843056
1150 9.305987 10.689349
1151 7.959768 10.416391
1152 13.986000 10.773353
1153 11.129375 10.808955
1154 8.695080 10.597568
1155 9.528269 10.490638
1156 9.352452 10.376820
1157 10.592374 10.398375
1158 10.216449 10.380182
1159 10.905238 10.432688
1160 11.956111 10.585030
1161 13.295423 10.856069
1162 9.037623 10.674224
1163 10.212834 10.628085
1164 9.088957 10.474173
1165 8.164219 10.243177
1166 7.404201 9.959280
1167 7.584507 9.721803
1168 6.533954 9.403018
1169 10.329351 9.495651
1170 7.469173 9.293003
1171 14.116043 9.775307
1172 10.883157 9.886091
1173 14.989157 10.396398
1174 14.788337 10.835591
1175 13.538554 11.105887
1176 10.376120 11.032910
1177 11.895978 11.119217
1178 13.375067 11.344802
1179 11.573890 11.367711
1180 9.297041 11.160645
1181 13.571802 11.401760
1182 8.662001 11.127784
1183 12.556103 11.270616
1184 9.079548 11.051509
1185 9.305407 10.876899
1186 11.109719 10.900181
1187 9.985515 10.808714
1188 10.653418 10.793184
1189 10.295357 10.743402
1190 11.818222 10.850883
1191 9.513361 10.717132
1192 11.283240 10.773743
1193 9.631657 10.659534
1194 9.849300 10.578511
1195 12.098040 10.730464
1196 10.123358 10.669753
1197 8.696554 10.472433
1198 8.006968 10.225886
1199 10.058535 10.209151
1200 14.318348 10.620071
1201 12.496106 10.807674
1202 10.429144 10.769821
1203 9.322500 10.625089
1204 9.035185 10.466099
1205 10.765722 10.496061
1206 11.449687 10.591424
1207 11.132784 10.645560
1208 14.685764 11.049581
1209 6.903809 10.635003
1210 10.344402 10.605943
1211 14.417177 10.987066
1212 8.648028 10.753162
1213 10.011102 10.678956
1214 5.693033 10.180364
1215 9.389414 10.101269
1216 10.707242 10.161866
1217 7.461677 9.891848
1218 9.515822 9.854245
1219 8.903055 9.759127
1220 10.182902 9.801504
1221 6.568867 9.478240
1222 6.726623 9.203078
1223 5.816422 8.864412
1224 6.468553 8.624826
1225 7.410301 8.503374
1226 9.426944 8.595731
1227 6.491391 8.385297
1228 9.108576 8.457624
1229 7.931625 8.405025
1230 6.823274 8.246849
1231 11.783908 8.600555
1232 10.053933 8.745893
1233 10.070742 8.878378
1234 10.109979 9.001538
1235 9.653728 9.066757
1236 9.728849 9.132966
1237 9.901110 9.209781
1238 10.584730 9.347276
1239 9.278250 9.340373
1240 10.675605 9.473896
1241 10.944443 9.620951
1242 9.265929 9.585448
1243 10.145764 9.641479
1244 13.532619 10.030594
1245 11.815736 10.209108
1246 10.217623 10.209960
1247 14.002281 10.589192
1248 11.274934 10.657766
1249 14.389409 11.030931
1250 12.779860 11.205824
1251 8.471907 10.932432
1252 9.668296 10.806019
1253 7.934424 10.518860
1254 10.061185 10.473092
1255 9.006890 10.326472
1256 7.231172 10.016942
1257 8.407278 9.855976
1258 9.186317 9.789010
1259 9.192591 9.729368
1260 11.137555 9.870187
1261 7.774448 9.660613
1262 10.927534 9.787305
1263 10.942029 9.902778
1264 11.288682 10.041368
1265 10.033865 10.040618
1266 6.988307 9.735387
1267 5.831840 9.345032
1268 10.247188 9.435247
1269 7.805415 9.272264
1270 7.120875 9.057125
1271 6.558452 8.807258
1272 8.163778 8.742909
1273 7.888639 8.657482
1274 7.224349 8.514169
1275 8.901493 8.552901
1276 9.338821 8.631494
1277 9.006636 8.669008
1278 6.519657 8.454073
1279 8.333567 8.442022
1280 7.725672 8.370387
1281 7.102720 8.243620
1282 7.475030 8.166761
1283 10.303596 8.380445
1284 7.887465 8.331146
1285 6.707150 8.168747
1286 5.958794 7.947752
1287 8.011096 7.954086
1288 5.993432 7.758020
1289 8.012080 7.783426
1290 7.771609 7.782245
1291 10.069025 8.010922
1292 13.482718 8.558102
1293 13.086023 9.010894
1294 11.456729 9.255477
1295 12.531442 9.583074
1296 12.499401 9.874706
1297 13.282366 10.215472
1298 12.741124 10.468038
1299 14.457342 10.866968
1300 11.890044 10.969275
1301 7.373813 10.609729
1302 8.598859 10.408642
1303 8.473373 10.215115
1304 8.277954 10.021399
1305 8.268286 9.846087
1306 8.558113 9.717290
1307 10.268134 9.772374
1308 9.657440 9.760880
1309 13.404732 10.125265
1310 6.066816 9.719420
1311 11.662337 9.913713
1312 10.636182 9.985959
1313 8.853224 9.872685
1314 12.638112 10.149228
1315 10.546567 10.188962
1316 10.638659 10.233932
1317 7.546927 9.965231
1318 7.021177 9.670826
1319 8.203830 9.524126
1320 8.884073 9.460121
1321 9.325904 9.446699
1322 11.341757 9.636205
1323 11.900377 9.862622
1324 10.928273 9.969188
1325 10.670758 10.039345
1326 12.515733 10.286983
1327 10.742819 10.332567
1328 9.129885 10.212299
1329 13.778376 10.568907
1330 12.885356 10.800551
1331 10.797132 10.800209
1332 9.818546 10.702043
1333 6.831265 10.314965
1334 7.997474 10.083216
1335 8.507239 9.925618
1336 10.835183 10.016575
1337 10.192514 10.034169
1338 8.787509 9.909503
1339 12.191196 10.137672
1340 9.876417 10.111547
1341 6.000476 9.700439
1342 10.997320 9.830128
1343 11.460253 9.993140
1344 10.188514 10.012677
1345 14.753168 10.486727
1346 14.503799 10.888434
1347 7.717911 10.571383
1348 9.313300 10.445575
1349 9.241972 10.325214
1350 10.454405 10.338134
1351 8.715438 10.175864
1352 9.871301 10.145408
1353 10.255891 10.156456
1354 10.015474 10.142358
1355 10.055909 10.133713
1356 6.466448 9.766986
1357 9.354142 9.725701
1358 11.989265 9.952058
1359 9.023104 9.859162
1360 11.123566 9.985602
1361 8.455934 9.832636
1362 12.558280 10.105200
1363 13.432072 10.437887
1364 12.810860 10.675184
1365 9.335878 10.541254
1366 9.142476 10.401377
1367 8.271676 10.188407
1368 6.684029 9.837969
1369 7.638682 9.618040
1370 8.636610 9.519897
1371 11.286120 9.696520
1372 9.373266 9.664194
1373 9.479202 9.645695
1374 10.294467 9.710572
1375 11.189274 9.858442
1376 11.337618 10.006360
1377 8.728627 9.878587
1378 11.116970 10.002425
1379 9.295001 9.931683
1380 8.693943 9.807909
1381 9.537426 9.780861
1382 9.158390 9.718614
1383 9.305471 9.677299
1384 8.404161 9.549986
1385 6.626560 9.257644
1386 6.704718 9.002351
1387 7.740613 8.876177
1388 5.887103 8.577270
1389 7.247109 8.444254
1390 7.909203 8.390749
1391 13.106712 8.862346
1392 7.819525 8.758063
1393 6.393080 8.521564
1394 8.526720 8.522080
1395 10.005075 8.670380
1396 12.851958 9.088537
1397 13.205936 9.500278
1398 10.514098 9.601660
1399 11.326900 9.774184
1400 10.035565 9.800323
1401 7.645261 9.584816
1402 8.487469 9.475081
1403 8.313557 9.358929
1404 8.012003 9.224236
1405 8.136425 9.115456
1406 7.380388 8.941949
1407 6.933311 8.741085
1408 8.836027 8.750579
1409 8.114479 8.686969
1410 6.002927 8.418565
1411 7.550199 8.331728
1412 8.491000 8.347655
1413 13.607907 8.873680
1414 10.245598 9.010872
1415 10.547254 9.164510
1416 10.249617 9.273021
1417 7.780929 9.123812
1418 11.080604 9.319490
1419 9.170083 9.304550
1420 10.507247 9.424820
1421 12.822723 9.764610
1422 10.200613 9.808210
1423 9.452626 9.772652
1424 9.235159 9.718903
1425 8.548904 9.601903
1426 7.590148 9.400727
1427 7.228752 9.183530
1428 8.105588 9.075736
1429 8.507041 9.018867
1430 8.653783 8.982358
1431 9.313478 9.015470
1432 8.442626 8.958185
1433 10.303767 9.092744
1434 10.193738 9.202844
1435 12.312894 9.513848
1436 13.446240 9.907087
1437 11.359964 10.052375
1438 13.019682 10.349106
1439 9.842598 10.298455
1440 8.618766 10.130486
1441 11.162698 10.233707
1442 8.549667 10.065304
1443 9.115769 9.970350
1444 7.966071 9.769922
1445 8.417577 9.634687
1446 6.666298 9.337849
1447 5.880549 8.992119
1448 8.012496 8.894156
1449 8.911162 8.895857
1450 9.067283 8.912999
1451 7.933509 8.815050
1452 8.629043 8.796450
1453 10.775020 8.994307
1454 10.343864 9.129262
1455 12.113057 9.427642
1456 13.063396 9.791217
1457 8.590617 9.671157
1458 11.655119 9.869554
1459 10.082246 9.890822
1460 7.423941 9.644135
1461 9.051432 9.584865
1462 8.639635 9.490341
1463 8.785878 9.419895
1464 10.774940 9.555400
1465 10.758898 9.675750
1466 10.980736 9.806249
1467 9.200903 9.745714
1468 7.505303 9.521673
1469 8.170406 9.386546
1470 8.907706 9.338662
1471 11.549967 9.559793
1472 7.294521 9.333265
1473 8.903482 9.290287
1474 9.032275 9.264486
1475 9.276024 9.265640
1476 9.118194 9.250896
1477 6.678785 8.993685
1478 6.851859 8.779502
1479 7.114926 8.613045
1480 6.746896 8.426430
1481 13.144117 8.898198
1482 13.098976 9.318275
1483 12.798728 9.666321
1484 11.467305 9.846419
1485 11.614991 10.023276
1486 12.565934 10.277542
1487 13.174958 10.567284
1488 12.141619 10.724717
1489 15.454425 11.197688
1490 13.972536 11.475173
1491 11.527562 11.480412
1492 13.734787 11.705849
1493 9.023966 11.437660
1494 8.820574 11.175952
1495 10.270732 11.085430
1496 7.423873 10.719275
1497 9.670336 10.614381
1498 7.410728 10.294016
1499 7.871628 10.051777
1500 8.752957 9.921895
1501 9.186933 9.848399
1502 8.213340 9.684894
1503 9.827991 9.699203
1504 8.288905 9.558174
1505 11.901520 9.792509
1506 13.529915 10.166249
1507 15.534283 10.703053
1508 11.153650 10.748113
1509 8.484257 10.521728
1510 8.386624 10.308217
1511 8.697983 10.147194
1512 6.952459 9.827721
1513 10.310410 9.875990
1514 6.288096 9.517200
1515 6.244122 9.189893
1516 6.695429 8.940447
1517 7.180142 8.764417
1518 6.350815 8.523056
1519 5.045015 8.175252
1520 9.003903 8.258117
1521 8.160719 8.248377
1522 8.368893 8.260428
1523 7.764162 8.210802
1524 9.083020 8.298024
1525 8.816939 8.349916
1526 11.034968 8.618421
1527 10.127220 8.769300
1528 11.248747 9.017245
1529 8.977177 9.013239
1530 10.254622 9.137377
1531 10.502429 9.273882
1532 7.302995 9.076794
1533 8.477962 9.016911
1534 6.377506 8.752970
1535 7.560095 8.633682
1536 7.836494 8.553964
1537 5.519745 8.250542
1538 8.243980 8.249886
1539 8.538282 8.278726
1540 8.606342 8.311487
1541 10.708764 8.551215
1542 10.821245 8.778218
1543 12.509686 9.151365
1544 8.787367 9.114965
1545 13.777390 9.581208
1546 10.075681 9.630655
1547 11.353061 9.802896
1548 15.174758 10.340082
1549 13.133022 10.619376
1550 9.169353 10.474374
1551 8.136518 10.240588
1552 12.798235 10.496353
1553 10.970093 10.543727
1554 8.159103 10.305264
1555 7.714166 10.046155
1556 7.790513 9.820591
1557 8.413404 9.679873
1558 7.412838 9.453169
1559 9.772330 9.485085
1560 8.986505 9.435226
1561 8.011120 9.292816
1562 8.130020 9.176537
1563 8.402962 9.099179
1564 7.623340 8.951595
1565 7.846872 8.841123
1566 9.165488 8.873559
1567 9.359407 8.922144
1568 7.271476 8.757077
1569 6.955806 8.576950
1570 8.624464 8.581701
1571 9.426437 8.666175
1572 7.974623 8.597019
1573 6.045223 8.341840
1574 8.331464 8.340802
1575 8.164687 8.323191
1576 7.721073 8.262979
1577 7.208481 8.157529
1578 5.661620 7.907938
1579 7.203991 7.837543
1580 6.962478 7.750037
1581 7.666903 7.741724
1582 7.695513 7.737103
1583 8.611738 7.824566
1584 6.091921 7.651301
1585 8.994481 7.785619
1586 7.205404 7.727598
1587 6.591077 7.613945
1588 11.243506 7.976902
1589 10.352085 8.214420
1590 11.184441 8.511422
1591 8.055452 8.465825
1592 6.650806 8.284323
1593 8.514318 8.307323
1594 7.196324 8.196222
1595 6.798033 8.056403
1596 9.992853 8.250048
1597 7.609729 8.186016
1598 5.493023 7.916717
1599 8.227151 7.947760
1600 6.490523 7.802036
1601 12.907485 8.312581
1602 8.310312 8.312354
1603 9.834517 8.464570
1604 8.580989 8.476212
1605 9.791825 8.607773
1606 11.180203 8.865016
1607 11.597793 9.138293
1608 13.100009 9.534465
1609 13.552876 9.936306
1610 11.068642 10.049540
1611 11.141196 10.158705
1612 10.569203 10.199755
1613 9.112853 10.091064
1614 7.432901 9.825248
1615 10.233486 9.866072
1616 10.359710 9.915436
1617 10.770666 10.000958
1618 7.472867 9.748149
1619 9.937292 9.767063
1620 8.717110 9.662067
1621 9.465353 9.642396
1622 7.665631 9.444719
1623 10.605881 9.560836
1624 8.938378 9.498590
1625 8.707702 9.419501
1626 10.358125 9.513364
1627 10.791027 9.641130
1628 8.507205 9.527738
1629 7.912624 9.366226
1630 8.766914 9.306295
1631 8.957241 9.271390
1632 5.904859 8.934737
1633 8.615090 8.902773
1634 7.646055 8.777102
1635 7.200479 8.619439
1636 7.765314 8.534027
1637 5.952393 8.275864
1638 8.510350 8.299313
1639 7.624854 8.231867
1640 9.244146 8.333095
1641 9.129493 8.412734
1642 10.309599 8.602421
1643 7.497686 8.491947
1644 8.806729 8.523425
1645 11.615194 8.832602
1646 10.319277 8.981269
1647 10.266693 9.109812
1648 10.391426 9.237973
1649 9.972174 9.311394
1650 9.776043 9.357859
1651 10.663886 9.488461
1652 8.580761 9.397692
1653 10.205258 9.478449
1654 6.667524 9.197356
1655 7.336587 9.011279
1656 7.822370 8.892388
1657 5.388965 8.542046
1658 8.555530 8.543394
1659 7.858247 8.474879
1660 7.581617 8.385553
1661 7.165385 8.263536
1662 10.169655 8.454148
1663 6.223932 8.231127
1664 11.498406 8.557855
1665 10.439897 8.746058
1666 10.362415 8.907694
1667 10.427034 9.059628
1668 10.965463 9.250211
1669 10.841230 9.409313
1670 8.945240 9.362906
1671 11.610731 9.587688
1672 9.627740 9.591694
1673 9.629845 9.595509
1674 9.883151 9.624273
1675 7.585118 9.420358
1676 9.123348 9.390656
1677 8.946439 9.346234
1678 9.774712 9.389082
1679 8.533589 9.303533
1680 6.909684 9.064148
1681 9.381360 9.095869
1682 8.707252 9.057007
1683 7.958382 8.947145
1684 7.615036 8.813933
1685 7.760191 8.708559
1686 7.557205 8.593424
1687 7.673441 8.501426
1688 7.951291 8.446412
1689 11.354459 8.737217
1690 8.513501 8.714846
1691 10.585186 8.901879
1692 8.926833 8.904375
1693 8.197197 8.833657
1694 8.068990 8.757191
1695 8.454066 8.726878
1696 9.902021 8.844393
1697 11.097452 9.069698
1698 10.332127 9.195941
1699 9.943299 9.270677
1700 9.936021 9.337211
1701 10.891112 9.492600
1702 12.131220 9.756462
1703 10.603277 9.841144
1704 8.291589 9.686188
1705 8.323693 9.549938
1706 8.295550 9.424500
1707 8.674335 9.349483
1708 9.277654 9.342300
1709 9.692531 9.377323
1710 9.220208 9.361611
1711 11.093362 9.534786
1712 12.689461 9.850254
1713 9.069508 9.772180
1714 7.563668 9.551329
1715 7.311442 9.327340
1716 7.676891 9.162295
1717 6.853229 8.931389
1718 5.346385 8.572888
1719 8.964472 8.612047
1720 9.241681 8.675011
1721 7.863474 8.593857
1722 7.437033 8.478174
1723 6.624489 8.292806
1724 6.570487 8.120574
1725 8.664391 8.174955
1726 9.944114 8.351871
1727 7.938772 8.310561
1728 7.060315 8.185536
1729 8.452503 8.212233
1730 8.205747 8.211584
1731 8.390187 8.229445
1732 6.523593 8.058859
1733 7.520988 8.005072
1734 7.441008 7.948665
1735 10.186313 8.172430
1736 7.404244 8.095612
1737 9.061941 8.192245
1738 5.265293 7.899549
1739 7.793405 7.888935
1740 8.787960 7.978837
1741 10.476678 8.228621
1742 7.807408 8.186501
1743 9.247888 8.292639
1744 7.418482 8.205223
1745 5.788241 7.963525
1746 7.866278 7.953800
1747 7.105112 7.868931
1748 7.593161 7.841354
1749 8.574743 7.914693
1750 7.608200 7.884044
1751 8.873642 7.983004
1752 6.024290 7.787133
1753 10.756437 8.084064
1754 7.923749 8.068032
1755 8.842950 8.145524
1756 7.648103 8.095782
1757 5.163378 7.802542
1758 6.992620 7.721550
1759 6.655459 7.614941
1760 8.582284 7.711675
1761 9.821638 7.922671
1762 7.075794 7.837984
1763 7.017364 7.755922
1764 8.754121 7.855742
1765 7.337347 7.803902
1766 11.416091 8.165121
1767 10.453451 8.393954
1768 10.459867 8.600546
1769 10.525804 8.793072
1770 10.142267 8.927991
1771 8.371431 8.872335
1772 6.347246 8.619826
1773 6.603255 8.418169
1774 7.219243 8.298277
1775 8.051724 8.273622
1776 7.111322 8.157392
1777 8.693395 8.210992
1778 9.046065 8.294499
1779 9.208328 8.385882
1780 7.875060 8.334800
1781 8.159369 8.317257
1782 9.191706 8.404702
1783 8.915741 8.455806
1784 8.402421 8.450467
1785 7.068495 8.312270
1786 7.558920 8.236936
1787 7.045958 8.117838
1788 8.630458 8.169100
1789 6.535562 8.005746
1790 6.706499 7.875821
1791 8.507819 7.939021
1792 5.973122 7.742431
1793 7.508483 7.719036
1794 9.289966 7.876129
1795 10.065984 8.095115
1796 6.727580 7.958361
1797 6.700939 7.832619
1798 7.308235 7.780180
1799 8.677114 7.869874
1800 8.298387 7.912725
1801 8.701824 7.991635
1802 6.489726 7.841444
1803 7.078530 7.765153
1804 9.111111 7.899749
1805 7.527964 7.862570
1806 7.637919 7.840105
1807 6.718004 7.727895
1808 7.439618 7.699067
1809 7.012068 7.630367
1810 8.905417 7.757872
1811 8.477297 7.829814
1812 7.088900 7.755723
1813 7.850976 7.765248
1814 8.521873 7.840911
1815 8.674276 7.924247
1816 6.649766 7.796799
1817 6.938721 7.710991
1818 5.794919 7.519384
1819 5.683733 7.335819
1820 7.291687 7.331406
1821 6.547775 7.253043
1822 9.930756 7.520814
1823 9.641460 7.732879
1824 6.807520 7.640343
1825 7.703115 7.646620
1826 8.339760 7.715934
1827 6.832415 7.627582
1828 6.351684 7.499992
1829 7.136610 7.463654
1830 7.451571 7.462446
1831 7.309326 7.447134
1832 8.358611 7.538281
1833 8.241893 7.608643
1834 9.165365 7.764315
1835 9.269917 7.914875
1836 6.548801 7.778268
1837 5.690680 7.569509
1838 6.260648 7.438623
1839 8.091808 7.503942
1840 5.799184 7.333466
1841 9.422506 7.542370
1842 7.632962 7.551429
1843 9.057715 7.702058
1844 8.828153 7.814667
1845 11.913056 8.224506
1846 12.275137 8.629569
1847 12.263282 8.992940
1848 11.084281 9.202074
1849 10.603236 9.342190
1850 6.472205 9.055191
1851 10.351983 9.184870
1852 7.709445 9.037328
1853 9.296188 9.063213
1854 7.028368 8.859729
1855 6.143872 8.588143
1856 5.052814 8.234611
1857 7.453570 8.156507
1858 5.630772 7.903933
1859 7.380441 7.851584
1860 5.533437 7.619769
1861 10.281524 7.885944
1862 9.459963 8.043346
1863 11.066182 8.345630
1864 10.200351 8.531102
1865 10.485828 8.726575
1866 10.289989 8.882916
1867 10.245970 9.019222
1868 10.105667 9.127867
1869 8.294207 9.044500
1870 8.252298 8.965281
1871 8.579626 8.926715
1872 8.059048 8.839949
1873 7.021708 8.658125
1874 6.623392 8.454652
1875 7.151327 8.324320
1876 4.450002 7.936888
1877 7.188642 7.862063
1878 7.641080 7.839965
1879 6.853310 7.741299
1880 5.062989 7.473468
1881 9.748734 7.700995
1882 11.759301 8.106826
1883 11.443794 8.440523
1884 7.307043 8.327175
1885 7.794620 8.273920
1886 9.505160 8.397044
1887 8.616112 8.418951
1888 9.265394 8.503595
1889 6.954444 8.348680
1890 9.740805 8.487893
1891 10.309524 8.670056
1892 8.960728 8.699123
1893 11.503297 8.979541
1894 9.510153 9.032602
1895 8.642149 8.993557
1896 7.663079 8.860509
1897 8.361108 8.810569
1898 8.556904 8.785202
1899 8.675057 8.774187
1900 6.093606 8.506129
1901 8.894612 8.544977
1902 7.807454 8.471225
1903 10.574562 8.681559
1904 7.952199 8.608623
1905 7.918649 8.539625
1906 14.030312 9.088694
1907 8.880195 9.067843
1908 11.846181 9.345677
1909 12.945593 9.705669
1910 12.169752 9.952078
1911 9.203857 9.877255
1912 11.333541 10.022884
1913 11.178712 10.138467
1914 11.308780 10.255498
1915 8.075868 10.037535
1916 7.843219 9.818103
1917 7.809897 9.617282
1918 7.135598 9.369114
1919 7.697816 9.201984
1920 6.236982 8.905484
1921 10.344221 9.049358
1922 11.498112 9.294233
1923 10.230028 9.387813
1924 10.640648 9.513096
1925 9.832989 9.545085
1926 11.338628 9.724440
1927 15.221223 10.274118
1928 14.652616 10.711968
1929 12.553722 10.896144
1930 12.174042 11.023933
1931 9.253623 10.846903
1932 11.501619 10.912374
1933 8.707529 10.691890
1934 11.197178 10.742418
1935 8.126948 10.480871
1936 11.129225 10.545707
1937 6.266476 10.117784
1938 5.567276 9.662733
1939 7.105057 9.406965
1940 6.595535 9.125822
1941 8.709133 9.084153
1942 5.585898 8.734327
1943 8.062996 8.667194
1944 7.263255 8.526800
1945 8.280955 8.502215
1946 9.365410 8.588535
1947 7.993416 8.529023
1948 9.245578 8.600678
1949 9.034303 8.644041
1950 7.840184 8.563656
1951 8.172783 8.524569
1952 8.682364 8.540348
1953 10.522723 8.738585
1954 9.437741 8.808501
1955 9.543163 8.881968
1956 9.465309 8.940302
1957 8.457743 8.892046
1958 9.258809 8.928722
1959 5.869870 8.622837
1960 6.127707 8.373324
1961 7.672215 8.303213
1962 6.365526 8.109445
1963 8.254097 8.123910
1964 5.480944 7.859613
1965 6.028484 7.676500
1966 7.842648 7.693115
1967 6.897659 7.613570
1968 9.103901 7.762603
1969 9.326088 7.918952
1970 10.742884 8.201344
1971 7.380623 8.119272
1972 8.902959 8.197641
1973 9.121891 8.290067
1974 7.596672 8.220727
1975 7.715187 8.170173
1976 9.190503 8.272205
1977 6.951316 8.140117
1978 11.252192 8.451324
1979 6.385820 8.244774
1980 9.825951 8.402891
1981 8.221437 8.384746
1982 8.874735 8.433744
1983 12.299722 8.820342
1984 8.322321 8.770540
1985 8.546918 8.748178
1986 8.130402 8.686400
1987 6.936079 8.511368
1988 7.646931 8.424924
1989 5.465779 8.129009
1990 7.181115 8.034220
1991 6.906110 7.921409
1992 8.322085 7.961476
1993 9.317440 8.097073
1994 11.202858 8.407651
1995 9.090701 8.475956
1996 9.698986 8.598259
1997 9.139032 8.652336
1998 8.970457 8.684148
1999 9.342044 8.749937
2000 7.542794 8.629223
2001 8.618919 8.628193
2002 6.610406 8.426414
2003 10.671189 8.650892
2004 6.379423 8.423745
2005 5.851766 8.166547
2006 4.835639 7.833456
2007 6.405193 7.690630
2008 6.358642 7.557431
2009 6.570136 7.458702
2010 6.824136 7.395245
2011 7.713502 7.427071
2012 7.412585 7.425622
2013 8.177394 7.500799
2014 9.824244 7.733144
2015 6.617619 7.621591
2016 7.332060 7.592638
2017 8.923623 7.725737
2018 9.695843 7.922747
2019 8.559875 7.986460
2020 8.015506 7.989364
2021 9.594336 8.149861
2022 5.737451 7.908620
2023 6.553466 7.773105
2024 6.162092 7.612003
2025 8.570144 7.707818
2026 7.457849 7.682821
2027 6.913307 7.605869
2028 5.516561 7.396938
2029 6.003872 7.257632
2030 7.334366 7.265305
2031 7.513270 7.290102
2032 6.499887 7.211080
2033 6.631987 7.153171
2034 7.878476 7.225701
2035 7.640719 7.267203
2036 8.176418 7.358125
2037 6.473711 7.269683
2038 8.737142 7.416429
2039 8.079006 7.482687
2040 10.340011 7.768419
2041 6.226202 7.614198
2042 11.044079 7.957186
2043 9.908883 8.152355
2044 6.173957 7.954515
2045 7.528864 7.911950
2046 12.226350 8.343390
2047 7.949383 8.303989
2048 11.393177 8.612908
2049 7.481782 8.499796
2050 7.632065 8.413023
2051 9.495390 8.521259
2052 10.179433 8.687077
2053 9.395636 8.757933
2054 8.304100 8.712549
2055 7.448513 8.586145
2056 7.169199 8.444450
2057 6.679743 8.267980
2058 5.905171 8.031699
2059 6.004711 7.829000
2060 7.142726 7.760373
2061 6.679259 7.652262
2062 7.727075 7.659743
2063 7.404057 7.634175
2064 8.297861 7.700543
2065 9.287547 7.859244
2066 7.581691 7.831489
2067 9.292782 7.977618
2068 11.354233 8.315279
2069 7.998325 8.283584
2070 6.911464 8.146372
2071 8.496512 8.181386
2072 7.729173 8.136165
2073 9.166658 8.239214
2074 7.022470 8.117539
2075 7.774439 8.083229
2076 8.511108 8.126017
2077 8.358852 8.149301
2078 7.663577 8.100728
2079 7.089975 7.999653
2080 9.943609 8.194049
2081 10.251539 8.399797
2082 11.202295 8.680047
2083 7.052476 8.517290
2084 8.957261 8.561287
2085 7.296516 8.434810
2086 6.276586 8.218987
2087 7.866988 8.183787
2088 6.955590 8.060967
2089 6.685401 7.923411
2090 8.326889 7.963758
2091 9.446499 8.112033
2092 6.246201 7.925450
2093 8.980152 8.030920
2094 6.691457 7.896974
2095 8.512780 7.958554
2096 9.089106 8.071609
2097 5.223540 7.786803
2098 6.872606 7.695383
2099 8.373773 7.763222
2100 6.789694 7.665869
2101 8.892543 7.788537
2102 5.978796 7.607563
2103 6.648419 7.511648
2104 7.080160 7.468499
2105 7.120809 7.433730
2106 7.519884 7.442346
2107 7.555567 7.453668
2108 9.680571 7.676358
2109 8.419056 7.750628
2110 8.260684 7.801633
2111 10.657215 8.087192
2112 9.268932 8.205366
2113 12.064367 8.591267
2114 7.082823 8.440422
2115 7.731757 8.369555
2116 6.274105 8.160010
2117 6.813180 8.025328
2118 5.697079 7.792503
2119 5.427198 7.555973
2120 6.399982 7.440373
2121 8.409772 7.537313
2122 10.478282 7.831410
2123 7.844820 7.832751
2124 8.040916 7.853568
2125 8.231861 7.891397
2126 9.589235 8.061181
2127 8.605985 8.115662
2128 6.988599 8.002955
2129 11.952165 8.397877
2130 8.637587 8.421847
2131 7.648065 8.344469
2132 5.777471 8.087770
2133 7.525678 8.031560
2134 5.140087 7.742413
2135 6.486069 7.616778
2136 7.583984 7.613499
2137 6.180410 7.470190
2138 6.806324 7.403803
2139 6.709727 7.334396
2140 8.222473 7.423203
2141 6.066612 7.287544
2142 7.463102 7.305100
2143 6.883218 7.262912
2144 8.926408 7.429261
2145 8.664349 7.552770
2146 8.886332 7.686126
2147 7.671360 7.684649
2148 8.832104 7.799395
2149 9.855748 8.005031
2150 11.706975 8.375225
2151 10.989374 8.636640
2152 5.923613 8.365337
2153 6.546012 8.183405
2154 9.370690 8.302134
2155 6.571600 8.129080
2156 6.118730 7.928045
2157 6.372950 7.772535
2158 4.820601 7.477342
2159 5.817823 7.311390
2160 5.423069 7.122558
2161 7.847365 7.195039
2162 6.354546 7.110990
2163 6.120189 7.011909
2164 5.419051 6.852623
2165 6.080751 6.775436
2166 7.729399 6.870832
2167 7.024530 6.886202
2168 7.047782 6.902360
2169 8.802700 7.092394
2170 9.711214 7.354276
2171 8.106676 7.429516
2172 8.029799 7.489545
2173 5.259559 7.266546
2174 8.815659 7.421457
2175 7.293449 7.408657
2176 7.571624 7.424953
2177 5.433620 7.225820
2178 6.492887 7.152527
2179 6.844124 7.121686
2180 10.468467 7.456365
2181 6.513078 7.362036
2182 8.729614 7.498794
2183 11.200593 7.868974
2184 7.363935 7.818470
2185 10.295521 8.066175
2186 6.597059 7.919264
2187 11.150919 8.242430
2188 7.696659 8.187853
2189 8.270370 8.196104
2190 10.882740 8.464767
2191 9.984750 8.616766
2192 8.523840 8.607473
2193 7.921526 8.538878
2194 8.004978 8.485489
2195 8.217054 8.458646
2196 5.704490 8.183230
2197 7.923541 8.157262
2198 7.920631 8.133598
2199 7.614053 8.081644
2200 6.909584 7.964438
2201 6.487023 7.816697
2202 6.935169 7.728544
2203 7.080251 7.663714
2204 6.498521 7.547195
2205 6.422563 7.434731
2206 5.849873 7.276246
2207 8.811024 7.429723
2208 5.853353 7.272086
2209 9.950603 7.539938
2210 7.259908 7.511935
2211 8.913161 7.652058
2212 8.904970 7.777349
2213 6.875039 7.687118
2214 6.764017 7.594808
2215 6.512241 7.486551
2216 7.737033 7.511600
2217 7.081075 7.468547
2218 8.037452 7.525437
2219 5.688831 7.341777
2220 6.037206 7.211320
2221 9.691039 7.459292
2222 9.334430 7.646806
2223 5.824769 7.464602
2224 7.797366 7.497879
2225 8.202245 7.568315
2226 9.449216 7.756405
2227 6.513848 7.632149
2228 11.442503 8.013185
2229 9.566175 8.168484
2230 10.974947 8.449130
2231 10.320107 8.636228
2232 9.792992 8.751904
2233 5.758963 8.452609
2234 7.928931 8.400241
2235 7.415187 8.301736
2236 6.720761 8.143639
2237 7.259735 8.055248
2238 5.967039 7.846427
2239 5.608097 7.622594
2240 6.581239 7.518459
2241 7.130454 7.479658
2242 7.548220 7.486514
2243 7.046942 7.442557
2244 6.237452 7.322046
2245 8.980645 7.487906
2246 6.391285 7.378244
2247 5.866976 7.227117
2248 8.107037 7.315109
2249 5.210647 7.104663
2250 7.402032 7.134400
2251 8.220654 7.243025
2252 8.029579 7.321681
2253 6.851596 7.274672
2254 6.029061 7.150111
2255 6.994807 7.134581
2256 5.926244 7.013747
2257 7.831932 7.095565
2258 6.131569 6.999166
2259 6.158784 6.915127
2260 5.583060 6.781920
2261 8.757255 6.979454
2262 8.545762 7.136085
2263 5.990157 7.021492
2264 8.481056 7.167449
2265 11.158521 7.566556
2266 8.549747 7.664875
2267 11.053497 8.003737
2268 7.125325 7.915896
2269 9.579163 8.082223
2270 8.553203 8.129321
2271 9.079020 8.224291
2272 10.080013 8.409863
2273 6.774963 8.246373
2274 6.294521 8.051188
2275 8.406314 8.086700
2276 7.135679 7.991598
2277 6.718904 7.864329
2278 9.831581 8.061054
2279 6.618994 7.916848
2280 7.146500 7.839813
2281 7.985610 7.854393
2282 8.092066 7.878160
2283 7.349580 7.825303
2284 6.618154 7.704588
2285 7.491044 7.683234
2286 7.107295 7.625640
2287 8.535883 7.716664
2288 7.356359 7.680634
2289 6.076184 7.520189
2290 6.900636 7.458233
2291 6.204480 7.332858
2292 6.038524 7.203425
2293 7.034386 7.186521
2294 6.127130 7.080582
2295 6.866998 7.059223
2296 7.798845 7.133185
2297 8.687015 7.288568
2298 7.099216 7.269633
2299 8.022703 7.344940
2300 8.145691 7.425015
2301 6.907447 7.373259
2302 9.421397 7.578073
2303 8.528799 7.673145
2304 7.342218 7.640053
2305 7.230178 7.599065
2306 6.620495 7.501208
2307 7.601814 7.511269
2308 5.264175 7.286560
2309 8.261583 7.384062
2310 5.720592 7.217715
2311 7.998134 7.295757
2312 8.613149 7.427496
2313 6.147098 7.299456
2314 6.582237 7.227734
2315 6.371916 7.142152
2316 7.140651 7.142002
2317 6.948453 7.122647
2318 6.907692 7.101152
2319 10.379944 7.429031
2320 6.196007 7.305729
2321 8.557301 7.430886
2322 7.956903 7.483488
2323 6.700863 7.405226
2324 7.978190 7.462522
2325 7.018947 7.418165
2326 5.290291 7.205378
2327 7.154627 7.200303
2328 8.390334 7.319306
2329 8.264305 7.413806
2330 6.074407 7.279866
2331 8.709281 7.422808
2332 5.754415 7.255969
2333 8.491850 7.379557
2334 5.771843 7.218785
2335 5.805298 7.077436
2336 6.523624 7.022055
2337 5.187597 6.838609
2338 6.423241 6.797072
2339 6.429363 6.760302
2340 7.727885 6.857060
2341 5.924975 6.763852
2342 6.195803 6.707047
2343 6.559418 6.692284
2344 8.638858 6.886941
2345 6.462751 6.844522
2346 7.814399 6.941510
2347 7.564887 7.003848
2348 7.259886 7.029451
2349 6.396971 6.966203
2350 9.077627 7.177346
2351 8.015902 7.261201
2352 6.641507 7.199232
2353 6.481143 7.127423
2354 7.930432 7.207724
2355 6.272891 7.114241
2356 5.678660 6.970683
2357 6.801262 6.953741
2358 5.149028 6.773269
2359 5.347119 6.630654
2360 6.548816 6.622470
2361 7.370446 6.697268
2362 9.665256 6.994067
2363 6.800117 6.974672
2364 7.273682 7.004573
2365 9.072153 7.211331
2366 7.064243 7.196622
2367 8.406783 7.317638
2368 7.135031 7.299377
2369 8.184004 7.387840
2370 7.109031 7.359959
2371 7.376797 7.361643
2372 6.072187 7.232697
2373 6.629154 7.172343
2374 4.907815 6.945890
2375 5.655545 6.816856
2376 6.216621 6.756833
2377 6.715453 6.752695
2378 7.063169 6.783742
2379 5.253800 6.630748
2380 8.062546 6.773928
2381 5.854516 6.681986
2382 7.141542 6.727942
2383 8.114763 6.866624
2384 7.340785 6.914040
2385 8.356850 7.058321
2386 6.850591 7.037548
2387 8.550062 7.188799
2388 7.764093 7.246329
2389 5.112342 7.032930
2390 5.834175 6.913055
2391 6.119667 6.833716
2392 7.060733 6.856418
2393 4.775454 6.648321
2394 7.431245 6.726614
2395 6.641155 6.718068
2396 8.030192 6.849280
2397 5.476089 6.711961
2398 6.127142 6.653480
2399 6.008082 6.588940
2400 5.316112 6.461657
2401 5.326185 6.348110
2402 7.398417 6.453140
2403 6.191812 6.427007
2404 6.753021 6.459609
2405 6.223125 6.435960
2406 6.129621 6.405326
2407 6.878259 6.452620
2408 5.054722 6.312830
2409 4.972569 6.178804
2410 4.524250 6.013349
2411 8.583934 6.270407
2412 9.086468 6.552013
2413 8.364074 6.733220
2414 8.668997 6.926797
2415 8.112715 7.045389
2416 9.167645 7.257615
2417 8.161720 7.348025
2418 8.278636 7.441086
2419 9.970665 7.694044
2420 7.130295 7.637669
2421 7.248039 7.598706
2422 8.053051 7.644141
2423 6.375244 7.517251
2424 6.405926 7.406118
2425 9.484948 7.614001
2426 7.711793 7.623780
2427 6.484089 7.509811
2428 6.062755 7.365105
2429 7.325288 7.361124
2430 6.216936 7.246705
2431 7.257681 7.247803
2432 7.140066 7.237029
2433 7.290791 7.242405
2434 5.670708 7.085236
2435 7.061731 7.082885
2436 7.218245 7.096421
2437 6.123733 6.999152
2438 8.008352 7.100072
2439 4.875251 6.877590
2440 7.267620 6.916593
2441 10.285313 7.253465
2442 9.884595 7.516578
2443 7.249746 7.489895
2444 9.725681 7.713473
2445 6.904923 7.632618
2446 8.695217 7.738878
2447 8.740005 7.838991
2448 10.133388 8.068431
2449 7.544851 8.016073
2450 7.994492 8.013915
2451 6.570166 7.869540
2452 9.945660 8.077152
2453 7.411623 8.010599
2454 9.703403 8.179879
2455 8.743734 8.236265
2456 10.593611 8.472000
2457 7.140018 8.338802
2458 6.501264 8.155048
2459 8.298046 8.169348
2460 6.967198 8.049133
2461 6.370288 7.881249
2462 8.239691 7.917093
2463 7.142410 7.839625
2464 7.554029 7.811065
2465 7.521859 7.782145
2466 7.518333 7.755764
2467 6.079175 7.588105
2468 7.755686 7.604863
2469 6.800952 7.524472
2470 6.450124 7.417037
2471 7.370528 7.412386
2472 9.204776 7.591625
2473 6.988350 7.531297
2474 6.137704 7.391938
2475 9.261000 7.578844
2476 7.806254 7.601585
2477 8.263220 7.667748
2478 7.319163 7.632890
2479 7.983153 7.667916
2480 6.530498 7.554174
2481 7.423247 7.541082
2482 8.377949 7.624769
2483 9.522989 7.814591
2484 5.074276 7.540559
2485 7.542162 7.540720
2486 6.916831 7.478331
2487 5.708519 7.301350
2488 7.374244 7.308639
2489 6.504201 7.228195
2490 5.371039 7.042480
2491 6.172194 6.955451
2492 7.668630 7.026769
2493 8.052095 7.129302
2494 5.700864 6.986458
2495 6.513189 6.939131
2496 5.511945 6.796412
2497 6.251853 6.741957
2498 5.004868 6.568248
2499 7.013734 6.612796
2500 7.188529 6.670370
2501 6.791181 6.682451
2502 8.683660 6.882572
2503 7.209654 6.915280
2504 5.451248 6.768877
2505 6.715789 6.763568
2506 4.930399 6.580251
2507 5.903394 6.512566
2508 5.650179 6.426327
2509 6.442016 6.427896
2510 4.489077 6.234014
2511 7.928507 6.403463
2512 7.597816 6.522898
2513 6.007470 6.471355
2514 9.522461 6.776466
2515 4.496846 6.548504
2516 10.783176 6.971971
2517 5.225969 6.797371
2518 6.667357 6.784369
2519 10.140642 7.119997
2520 6.935601 7.101557
2521 7.200811 7.111482
2522 8.438201 7.244154
2523 7.447514 7.264490
2524 7.210553 7.259097
2525 6.072859 7.140473
2526 5.260642 6.952490
2527 4.874064 6.744648
2528 5.674738 6.637657
2529 5.669400 6.540831
2530 6.754379 6.562186
2531 6.863572 6.592324
2532 7.392223 6.672314
2533 8.047601 6.809843
2534 4.704644 6.599323
2535 8.310295 6.770421
2536 8.812023 6.974581
2537 10.278565 7.304979
2538 10.245138 7.598995
2539 8.230432 7.662139
2540 8.974191 7.793344
2541 7.285119 7.742521
2542 9.474085 7.915678
2543 8.190087 7.943119
2544 5.772627 7.726069
2545 7.223066 7.675769
2546 8.527741 7.760966
2547 8.325155 7.817385
2548 6.729211 7.708568
2549 7.050827 7.642794
2550 8.273746 7.705889
2551 6.716934 7.606993
2552 5.466357 7.392930
2553 8.712632 7.524900
2554 6.337320 7.406142
2555 7.196613 7.385189
2556 7.533319 7.400002
2557 7.657336 7.425735
2558 6.995116 7.382674
2559 5.652378 7.209644
2560 5.691783 7.057858
2561 6.744381 7.026510
2562 6.357640 6.959623
2563 5.895145 6.853176
2564 4.962234 6.664082
2565 5.916832 6.589356
2566 7.614140 6.691835
2567 7.490103 6.771662
2568 6.911112 6.785607
2569 7.072356 6.814282
2570 7.376899 6.870543
2571 6.044043 6.787893
2572 4.938312 6.602935
2573 6.907457 6.633388
2574 5.996393 6.569688
2575 5.701317 6.482851
2576 6.101566 6.444722
2577 7.074383 6.507688
2578 5.456226 6.402542
2579 5.912072 6.353495
2580 6.767700 6.394916
2581 5.231054 6.278529
2582 8.178396 6.468516
2583 8.051980 6.626863
2584 5.470876 6.511264
2585 7.771714 6.637309
2586 6.932160 6.666794
2587 7.333912 6.733506
2588 9.912760 7.051432
2589 5.849349 6.931223
2590 6.474470 6.885548
2591 6.200946 6.817088
2592 6.112897 6.746669
2593 7.207036 6.792706
2594 5.514548 6.664890
2595 6.036187 6.602019
2596 7.697245 6.711542
2597 7.756064 6.815994
2598 5.225986 6.656993
2599 8.745634 6.865858
2600 7.592534 6.938525
2601 6.495279 6.894200
2602 9.968501 7.201631
2603 5.654521 7.046920
2604 8.208410 7.163069
2605 7.381758 7.184937
2606 9.520504 7.418494
2607 6.337749 7.310420
2608 9.388633 7.518241
2609 8.265154 7.592932
2610 8.180780 7.651717
2611 10.932391 7.979784
2612 8.500648 8.031871
2613 6.992130 7.927897
2614 5.119444 7.647052
2615 7.162885 7.598635
2616 5.828165 7.421588
2617 6.304771 7.309906
2618 5.360707 7.114986
2619 7.732460 7.176734
2620 7.489660 7.208026
2621 10.604589 7.547683
2622 9.533672 7.746282
2623 7.635828 7.735236
2624 8.111546 7.772867
2625 7.175563 7.713137
2626 8.619327 7.803756
2627 6.007293 7.624109
2628 8.448012 7.706500
2629 8.498816 7.785731
2630 5.814200 7.588578
2631 6.110845 7.440805
2632 8.111154 7.507840
2633 7.518832 7.508939
2634 6.021739 7.360219
2635 8.963158 7.520513
2636 5.136086 7.282070
2637 5.900003 7.143864
2638 4.373763 6.866854
2639 5.389999 6.719168
2640 7.364019 6.783653
2641 8.963404 7.001628
2642 7.563750 7.057840
2643 6.279893 6.980046
2644 6.284471 6.910488
2645 6.394016 6.858841
2646 10.008780 7.173835
2647 8.091537 7.265605
2648 7.670220 7.306067
2649 10.245487 7.600008
2650 7.907766 7.630785
2651 8.022563 7.669962
2652 8.401778 7.743144
2653 5.460464 7.514876
2654 5.922718 7.355660
2655 5.135958 7.133690
2656 5.451865 6.965508
2657 7.141976 6.983154
2658 6.390912 6.923930
2659 8.781811 7.109718
2660 7.207583 7.119505
2661 6.255832 7.033138
2662 6.087906 6.938615
2663 8.115206 7.056274
2664 5.083681 6.859015
2665 6.608838 6.833997
2666 8.121645 6.962761
2667 7.687772 7.035263
2668 5.593910 6.891127
2669 6.365129 6.838527
2670 5.454091 6.700084
2671 5.673589 6.597434
2672 5.644900 6.502181
2673 5.068656 6.358828
2674 6.633279 6.386273
2675 8.526130 6.600259
2676 4.659597 6.406193
2677 6.630959 6.428669
2678 6.323450 6.418148
2679 5.353643 6.311697
2680 6.574529 6.337980
2681 6.769785 6.381161
2682 7.924587 6.535503
2683 7.400982 6.622051
2684 9.041553 6.864001
2685 6.367260 6.814327
2686 9.052971 7.038192
2687 8.477454 7.182118
2688 6.062704 7.070177
2689 6.759822 7.039141
2690 8.204470 7.155674
2691 5.952268 7.035333
2692 6.403895 6.972189
2693 5.223594 6.797330
2694 5.916101 6.709207
2695 7.510025 6.789289
2696 9.226157 7.032976
2697 8.383110 7.167989
2698 7.958034 7.246994
2699 6.767856 7.199080
2700 6.543774 7.133549
2701 5.834816 7.003675
2702 7.190827 7.022391
2703 5.893811 6.909533
2704 7.246249 6.943205
2705 8.781554 7.127040
2706 6.446075 7.058943
2707 7.882761 7.141325
2708 7.545301 7.181723
2709 6.645973 7.128148
2710 6.966738 7.112007
2711 7.710792 7.171885
2712 5.300066 6.984703
2713 7.503842 7.036617
2714 8.040063 7.136961
2715 7.583430 7.181608
2716 7.014266 7.164874
2717 10.273051 7.475692
2718 9.024443 7.630567
2719 9.303827 7.797893
2720 7.962304 7.814334
2721 8.625825 7.895483
2722 5.621305 7.668065
2723 8.462831 7.747542
2724 7.779887 7.750776
2725 5.698355 7.545534
2726 6.616939 7.452674
2727 6.874726 7.394879
2728 6.665773 7.321969
2729 6.343232 7.224095
2730 5.416333 7.043319
2731 8.039511 7.142938
2732 10.713609 7.500005
2733 7.239852 7.473990
2734 7.035449 7.430136
2735 7.945722 7.481694
2736 8.348518 7.568377
2737 8.930060 7.704545
2738 6.178792 7.551970
2739 7.672354 7.564008
2740 5.476487 7.355256
2741 5.807107 7.200441
2742 6.829341 7.163332
2743 8.463796 7.293378
2744 5.274549 7.091495
2745 6.306995 7.013045
2746 6.491321 6.960873
2747 6.190225 6.883808
2748 6.459730 6.841400
2749 6.963139 6.853574
2750 5.870389 6.755255
2751 7.627151 6.842445
2752 8.216869 6.979887
2753 8.173519 7.099251
2754 6.947436 7.084069
2755 8.048461 7.180509
2756 6.123676 7.074825
2757 10.004379 7.367781
2758 10.772005 7.708203
2759 8.468201 7.784203
2760 10.363591 8.042142
2761 8.493857 8.087314
2762 7.219444 8.000526
2763 6.817372 7.882211
2764 4.846046 7.578594
2765 6.477606 7.468495
2766 6.778053 7.399451
2767 7.462575 7.405764
2768 7.821009 7.447288
2769 7.856925 7.488252
2770 6.134626 7.352889
2771 9.474492 7.565049
2772 12.138686 8.022413
2773 7.133041 7.933476
2774 10.202772 8.160405
2775 7.672358 8.111601
2776 7.313601 8.031801
2777 8.701324 8.098753
2778 8.448476 8.133725
2779 10.414448 8.361797
2780 8.469401 8.372558
2781 7.305119 8.265814
2782 8.801577 8.319390
2783 9.621679 8.449619
2784 7.099809 8.314638
2785 7.213128 8.204487
2786 7.099899 8.094028
2787 6.389812 7.923607
2788 6.585037 7.789750
2789 5.702964 7.581071
2790 5.706089 7.393573
2791 6.707438 7.324960
2792 5.915464 7.184010
2793 7.692175 7.234827
2794 6.712006 7.182545
2795 11.265364 7.590827
2796 11.615814 7.993325
2797 10.151627 8.209155
2798 9.452206 8.333460
2799 7.320585 8.232172
2800 7.633698 8.172325
2801 7.504271 8.105519
2802 6.839934 7.978961
2803 6.816464 7.862711
2804 7.560756 7.832516
2805 9.965363 8.045800
2806 6.526503 7.893870
2807 8.662024 7.970686
2808 6.876221 7.861239
2809 6.810631 7.756179
2810 10.315391 8.012100
2811 7.658958 7.976786
2812 6.438669 7.822974
2813 6.456710 7.686348
2814 7.806970 7.698410
2815 6.232851 7.551854
2816 9.687733 7.765442
2817 6.683984 7.657296
2818 7.488524 7.640419
2819 9.868025 7.863180
2820 6.034720 7.680334
2821 6.410482 7.553349
2822 7.509383 7.548952
2823 6.932229 7.487280
2824 6.708123 7.409364
2825 7.868295 7.455257
2826 6.230859 7.332818
2827 7.110365 7.310572
2828 7.265039 7.306019
2829 5.426463 7.118063
2830 7.095430 7.115800
2831 8.192662 7.223486
2832 7.500890 7.251226
2833 8.861219 7.412226
2834 10.253770 7.696380
2835 10.434091 7.970151
2836 6.451595 7.818295
2837 6.363763 7.672842
2838 10.057060 7.911264
2839 7.066389 7.826777
2840 8.931056 7.937204
2841 8.025966 7.946081
2842 7.860077 7.937480
2843 6.928372 7.836570
2844 4.821319 7.535045
2845 7.982711 7.579811
2846 8.918130 7.713643
2847 5.692210 7.511500
2848 5.842332 7.344583
2849 7.694792 7.379604
2850 7.202220 7.361866
2851 4.858544 7.111533
2852 5.921005 6.992480
2853 7.782351 7.071467
2854 7.506692 7.114990
2855 6.926251 7.096116
2856 5.191561 6.905661
2857 5.779541 6.793049
2858 6.351339 6.748878
2859 4.807640 6.554754
2860 8.512722 6.750551
2861 5.350374 6.610534
2862 6.755867 6.625067
2863 7.093206 6.671881
2864 6.137510 6.618444
2865 7.754391 6.732038
2866 5.696176 6.628452
2867 5.867891 6.552396
2868 4.621907 6.359347
2869 9.359475 6.659360
2870 7.407738 6.734198
2871 5.890945 6.649872
2872 7.225696 6.707455
2873 7.305357 6.767245
2874 6.202518 6.710772
2875 5.001077 6.539803
2876 6.013717 6.487194
2877 5.134910 6.351966
2878 6.911151 6.407885
2879 6.704928 6.437589
2880 7.299583 6.523788
2881 5.971260 6.468535
2882 7.325071 6.554189
2883 6.026520 6.501422
2884 7.505476 6.601827
2885 6.267668 6.568411
2886 4.364560 6.348026
2887 6.263369 6.339561
2888 6.062214 6.311826
2889 5.587260 6.239369
2890 6.610878 6.276520
2891 7.497152 6.398583
2892 8.488393 6.607564
2893 7.360622 6.682870
2894 8.088708 6.823454
2895 5.637535 6.704862
2896 5.610630 6.595439
2897 6.416392 6.577534
2898 8.007835 6.720564
2899 5.578291 6.606337
2900 6.840959 6.629799
2901 9.295555 6.896375
2902 7.115657 6.918303
2903 7.097558 6.936228
2904 8.056276 7.048233
2905 7.089144 7.052324
2906 5.550397 6.902132
2907 7.563881 6.968307
2908 7.564423 7.027918
2909 6.267044 6.951831
2910 3.934771 6.650125
2911 6.476899 6.632802
2912 5.932657 6.562788
2913 5.054751 6.411984
2914 6.687459 6.439532
2915 7.180805 6.513659
2916 7.176002 6.579893
2917 7.288579 6.650762
2918 7.255949 6.711280
2919 7.210251 6.761178
2920 6.796140 6.764674
2921 6.132164 6.701423
2922 6.373262 6.668607
2923 4.918043 6.493550
2924 5.290124 6.373208
2925 4.687735 6.204660
2926 6.527040 6.236898
2927 5.957676 6.208976
2928 7.171715 6.305250
2929 6.677826 6.342508
2930 7.839141 6.492171
2931 6.073724 6.450326
2932 6.187820 6.424076
2933 6.584480 6.440116
2934 8.668227 6.662927
2935 8.106680 6.807302
2936 7.388712 6.865443
2937 6.074907 6.786390
2938 6.912446 6.798995
2939 6.796732 6.798769
2940 5.236762 6.642568
2941 5.376382 6.515950
2942 5.707717 6.435126
2943 5.910867 6.382700
2944 8.052894 6.549720
2945 7.246655 6.619413
2946 7.284511 6.685923
2947 7.047658 6.722096
2948 5.712172 6.621104
2949 6.979557 6.656950
2950 7.062323 6.697487
2951 7.948846 6.822623
2952 7.694435 6.909804
2953 5.964113 6.815235
2954 5.500627 6.683774
2955 8.143438 6.829741
2956 4.802460 6.627012
2957 5.084811 6.472792
2958 5.074091 6.332922
2959 4.810827 6.180713
2960 4.891768 6.051818
2961 6.950315 6.141668
2962 5.871140 6.114615
2963 7.078257 6.210979
2964 6.404668 6.230349
2965 6.732243 6.280538
2966 5.993785 6.251863
2967 5.319236 6.158600
2968 5.304836 6.073224
2969 7.423932 6.208295
2970 6.597808 6.247246
2971 7.634732 6.385995
2972 8.776312 6.625027
2973 7.762468 6.738771
2974 6.173396 6.682233
2975 7.515824 6.765593
2976 5.752878 6.664321
2977 7.747391 6.772628
2978 9.446616 7.040027
2979 8.064249 7.142449
2980 10.121942 7.440398
2981 6.648567 7.361215
2982 6.808355 7.305929
2983 8.556018 7.430938
2984 6.184273 7.306272
2985 6.141191 7.189764
2986 8.359594 7.306746
2987 6.460267 7.222098
2988 5.677259 7.067615
2989 9.147062 7.275559
2990 7.004289 7.248432
2991 6.596461 7.183235
2992 6.757643 7.140676
2993 9.941101 7.420719
2994 8.983652 7.577012
2995 6.140154 7.433326
2996 6.660967 7.356091
2997 5.889309 7.209413
2998 6.049054 7.093377
2999 5.926086 6.976647
3000 7.082635 6.987246
3001 5.120184 6.800540
3002 4.538265 6.574313
3003 4.680629 6.384944
3004 6.304023 6.376853
3005 8.170342 6.556201
3006 7.033103 6.603892
3007 6.529295 6.596432
3008 10.282104 6.964999
3009 6.236143 6.892114
3010 7.975892 7.000492
3011 7.747167 7.075159
3012 8.492788 7.216922
3013 7.376446 7.232874
3014 5.876646 7.097251
3015 6.733528 7.060879
3016 5.625158 6.917307
3017 5.376015 6.763178
3018 5.572924 6.644153
3019 6.036773 6.583415
3020 5.406411 6.465714
3021 7.839568 6.603099
3022 5.984031 6.541193
3023 6.203252 6.507399
3024 5.171439 6.373803
3025 7.338709 6.470294
3026 5.801862 6.403450
3027 7.017640 6.464869
3028 7.980108 6.616393
3029 7.525038 6.707258
3030 7.919801 6.828512
3031 7.650306 6.910692
3032 9.473562 7.166979
3033 7.103601 7.160641
3034 5.798544 7.024432
3035 7.252816 7.047270
3036 5.653174 6.907861
3037 5.969981 6.814073
3038 5.581396 6.690805
3039 6.634088 6.685133
3040 6.109804 6.627600
3041 5.816962 6.546536
3042 6.087314 6.500614
3043 7.740047 6.624557
3044 6.396024 6.601704
3045 6.761294 6.617663
3046 6.832860 6.639183
3047 5.689934 6.544258
3048 7.277399 6.617572
3049 5.390180 6.494833
3050 5.397017 6.385051
3051 5.110850 6.257631
3052 4.949014 6.126770
3053 5.443918 6.058485
3054 6.234454 6.076082
3055 5.078666 5.976340
3056 5.993635 5.978070
3057 5.228137 5.903077
3058 7.436590 6.056428
3059 5.353716 5.986157
3060 6.811599 6.068701
3061 6.643081 6.126139
3062 6.477187 6.161244
3063 6.791838 6.224303
3064 6.866758 6.288548
3065 6.056388 6.265332
3066 6.556232 6.294422
3067 5.703115 6.235291
3068 6.587612 6.270524
3069 6.800287 6.323500
3070 7.475820 6.438732
3071 5.873736 6.382232
3072 7.871774 6.531187
3073 5.526834 6.430751
3074 7.211556 6.508832
3075 8.409094 6.698858
3076 5.431759 6.572148
3077 6.140825 6.529016
3078 4.763360 6.352450
3079 4.630621 6.180267
3080 4.881710 6.050412
3081 5.243632 5.969734
3082 7.402488 6.113009
3083 7.677124 6.269421
3084 5.421017 6.184580
3085 5.632790 6.129401
3086 5.195403 6.036001
3087 5.403139 5.972715
3088 5.300708 5.905514
3089 7.429199 6.057883
3090 5.609655 6.013060
3091 7.673534 6.179108
3092 6.144114 6.175608
3093 5.861780 6.144225
3094 10.054878 6.535290
3095 7.996407 6.681402
3096 7.567623 6.770024
3097 5.795666 6.672588
3098 6.156915 6.621020
3099 6.913867 6.650305
3100 5.930768 6.578351
3101 5.567163 6.477232
3102 7.302236 6.559732
3103 5.780496 6.481809
3104 6.779937 6.511621
3105 7.333704 6.593830
3106 9.199064 6.854353
3107 5.449275 6.713845
3108 7.099987 6.752460
3109 4.997811 6.576995
3110 5.710073 6.490303
3111 7.988466 6.640119
3112 6.795428 6.655650
3113 6.481514 6.638237
3114 4.807307 6.455143
3115 7.411182 6.550747
3116 6.312669 6.526939
3117 6.257459 6.499991
3118 6.737331 6.523726
3119 6.061378 6.477491
3120 6.998309 6.529572
3121 6.054010 6.482016
3122 7.039930 6.537807
3123 6.018027 6.485829
3124 6.113003 6.448547
3125 5.209153 6.324607
3126 6.797814 6.371928
3127 7.628314 6.497567
3128 6.304185 6.478229
3129 7.928275 6.623233
3130 4.936460 6.454556
3131 4.631338 6.272234
3132 4.250747 6.070085
3133 5.483359 6.011413
3134 8.268764 6.237148
3135 7.599327 6.373366
3136 5.155690 6.251598
3137 5.928347 6.219273
3138 6.923672 6.289713
3139 5.396544 6.200396
3140 5.532248 6.133581
3141 10.364088 6.556632
3142 6.025692 6.503538
3143 8.055892 6.658773
3144 6.656779 6.658574
3145 7.484727 6.741189
3146 7.073860 6.774457
3147 8.552664 6.952277
3148 9.754291 7.232479
3149 7.354394 7.244670
3150 7.548305 7.275033
3151 6.717332 7.219263
3152 5.954393 7.092776
3153 4.989924 6.882491
3154 6.437128 6.837955
3155 4.917638 6.645923
3156 6.759353 6.657266
3157 7.037082 6.695247
3158 5.192875 6.545010
3159 5.566023 6.447111
3160 5.349768 6.337377
3161 5.984434 6.302083
3162 8.129855 6.484860
3163 4.721461 6.308520
3164 5.555862 6.233254
3165 6.248922 6.234821
3166 5.553187 6.166658
3167 7.435909 6.293583
3168 7.342766 6.398501
3169 6.170500 6.375701
3170 7.991121 6.537243
3171 5.600341 6.443553
3172 7.080339 6.507232
3173 5.323939 6.388903
3174 5.341856 6.284198
3175 5.654447 6.221223
3176 5.109883 6.110089
3177 6.606996 6.159780
3178 4.704279 6.014229
3179 6.750751 6.087882
3180 5.112778 5.990371
3181 6.747475 6.066082
3182 6.894166 6.148890
3183 6.390947 6.173096
3184 5.658786 6.121665
3185 9.509443 6.460443
3186 5.038583 6.318257
3187 4.679458 6.154377
3188 5.681174 6.107057
3189 7.006467 6.196998
3190 6.895282 6.266826
3191 7.426762 6.382820
3192 6.496271 6.394165
3193 6.873318 6.442080
3194 10.411890 6.839061
3195 8.556632 7.010818
3196 7.817531 7.091489
3197 8.680900 7.250430
3198 10.025066 7.527894
3199 8.819188 7.657023
3200 7.759600 7.667281
3201 6.368040 7.537357
3202 8.033863 7.587008
3203 7.665243 7.594831
3204 6.639497 7.499298
3205 7.093160 7.458684
3206 6.904073 7.403223
3207 7.048408 7.367742
3208 10.226304 7.653598
3209 7.071475 7.595386
3210 10.586699 7.894517
3211 6.479652 7.753030
3212 7.108875 7.688615
3213 6.921617 7.611915
3214 6.517661 7.502490
3215 5.566997 7.308940
3216 5.660738 7.144120
3217 4.993433 6.929051
3218 5.809577 6.817104
3219 7.858589 6.921252
3220 5.287260 6.757853
3221 7.509095 6.832977
3222 6.211221 6.770802
3223 4.917478 6.585469
3224 7.233500 6.650272
3225 5.787848 6.564030
3226 6.420503 6.549677
3227 6.267302 6.521440
3228 6.657787 6.535074
3229 6.425675 6.524134
3230 6.348298 6.506550
3231 7.127067 6.568602
3232 6.530254 6.564767
3233 6.251524 6.533443
3234 6.832103 6.563309
3235 7.413355 6.648314
3236 7.388746 6.722357
3237 5.048369 6.554958
3238 6.325095 6.531971
3239 4.850508 6.363825
3240 8.698779 6.597320
3241 7.605087 6.698097
3242 6.171037 6.645391
3243 6.516600 6.632512
3244 5.858521 6.555112
3245 6.627147 6.562316
3246 6.365704 6.542655
3247 6.108209 6.499210
3248 5.673430 6.416632
3249 5.347043 6.309673
3250 4.399726 6.118678
3251 6.379100 6.144720
3252 7.038222 6.234070
3253 5.398106 6.150474
3254 6.351973 6.170624
3255 5.004526 6.054014
3256 5.519599 6.000573
3257 5.868879 5.987403
3258 7.267649 6.115428
3259 5.960607 6.099946
3260 6.562504 6.146202
3261 7.200092 6.251591
3262 6.535717 6.280004
3263 7.056287 6.357632
3264 4.781748 6.200043
3265 5.338358 6.113875
3266 7.091981 6.211686
3267 5.817042 6.172221
3268 6.818251 6.236824
3269 6.954062 6.308548
3270 8.946451 6.572338
3271 9.397598 6.854864
3272 6.760780 6.845456
3273 5.848509 6.745761
3274 4.532674 6.524452
3275 5.945683 6.466575
3276 5.349905 6.354908
3277 5.057558 6.225173
3278 5.901852 6.192841
3279 4.525585 6.026115
3280 3.918367 5.815341
3281 6.078462 5.841653
3282 4.668041 5.724292
3283 5.548520 5.706715
3284 7.214431 5.857486
3285 4.537619 5.725500
3286 7.980323 5.950982
3287 5.746170 5.930501
3288 6.811054 6.018556
3289 5.302001 5.946900
3290 6.476572 5.999867
3291 6.264710 6.026352
3292 5.473217 5.971038
3293 6.528172 6.026752
3294 5.833711 6.007447
3295 5.394673 5.946170
3296 8.123742 6.163927
3297 6.374380 6.184972
3298 7.183414 6.284817
3299 8.008734 6.457209
3300 5.239511 6.335439
3301 5.984605 6.300355
3302 8.048923 6.475212
3303 9.969791 6.824670
3304 5.476016 6.689805
3305 6.582858 6.679110
3306 5.764923 6.587691
3307 6.018339 6.530756
3308 6.481218 6.525802
3309 4.931832 6.366405
3310 5.375316 6.267296
3311 6.080469 6.248614
3312 5.926517 6.216404
3313 5.939112 6.188675
3314 5.369902 6.106798
3315 6.316796 6.127798
3316 5.234505 6.038469
3317 5.869232 6.021545
3318 5.946915 6.014082
3319 6.171615 6.029836
3320 7.206517 6.147504
3321 7.392324 6.271986
3322 8.596204 6.504408
3323 4.806890 6.334656
3324 6.936231 6.394814
3325 8.283676 6.583700
3326 5.776742 6.503004
3327 6.569220 6.509626
3328 8.200100 6.678673
3329 10.652940 7.076100
3330 9.297902 7.298280
3331 7.252133 7.293665
3332 6.697429 7.234042
3333 7.531682 7.263806
3334 6.668445 7.204270
3335 5.133297 6.997172
3336 7.224790 7.019934
3337 6.220429 6.939984
3338 6.532411 6.899227
3339 7.169582 6.926262
3340 6.801110 6.913747
3341 6.609661 6.883338
3342 8.658891 7.060894
3343 7.943178 7.149122
3344 6.921165 7.126326
3345 7.493717 7.163065
3346 6.222804 7.069039
3347 7.920703 7.154205
3348 5.777379 7.016522
3349 6.636303 6.978500
3350 7.412044 7.021855
3351 8.030111 7.122681
3352 10.460562 7.456469
3353 8.021583 7.512980
3354 7.270174 7.488699
3355 8.919475 7.631777
3356 6.898163 7.558415
3357 6.704212 7.472995
3358 7.719709 7.497666
3359 5.075186 7.255418
3360 7.621715 7.292048
3361 6.733676 7.236211
3362 7.237799 7.236370
3363 5.901567 7.102889
3364 6.236306 7.016231
3365 7.688789 7.083487
3366 7.889684 7.164106
3367 7.592939 7.206990
3368 8.573427 7.343634
3369 7.200735 7.329344
3370 5.716712 7.168081
3371 6.622754 7.113548
3372 7.705452 7.172739
3373 6.312444 7.086709
3374 10.665630 7.444601
3375 5.989534 7.299094
3376 7.543462 7.323531
3377 6.111336 7.202312
3378 6.372025 7.119283
3379 5.095095 6.916864
3380 5.445024 6.769680
3381 7.863877 6.879100
3382 8.499490 7.041139
3383 8.098665 7.146891
3384 6.391766 7.071379
3385 7.919778 7.156219
3386 9.230276 7.363624
3387 6.766366 7.303898
3388 7.290874 7.302596
3389 8.981568 7.470493
3390 6.868444 7.410288
3391 6.018894 7.271149
3392 7.320064 7.276040
3393 6.176467 7.166083
3394 7.548406 7.204315
3395 7.178075 7.201691
3396 4.172626 6.898785
3397 4.794800 6.688386
3398 5.872080 6.606755
3399 6.042192 6.550299
3400 4.952136 6.390483
3401 5.158533 6.267288
3402 5.237445 6.164303
3403 5.631670 6.111040
3404 5.073976 6.007334
3405 5.668471 5.973447
3406 7.353231 6.111426
3407 7.266335 6.226917
3408 6.247203 6.228945
3409 6.283688 6.234419
3410 5.602670 6.171245
3411 9.019249 6.456045
3412 6.855473 6.495988
3413 6.973480 6.543737
3414 7.043485 6.593712
3415 6.160460 6.550386
3416 11.140606 7.009408
3417 7.646878 7.073155
3418 7.836347 7.149475
3419 5.718614 7.006389
3420 5.779343 6.883684
3421 5.904312 6.785747
3422 7.174021 6.824574
3423 7.224778 6.864595
3424 6.136720 6.791807
3425 9.100418 7.022668
3426 5.967702 6.917172
3427 7.723307 6.997786
3428 6.931050 6.991112
3429 8.721338 7.164135
3430 5.335135 6.981235
3431 5.278738 6.810986
3432 6.145829 6.744470
3433 6.727093 6.742733
3434 6.074347 6.675894
3435 5.038000 6.512105
3436 7.959569 6.656851
3437 5.468027 6.537969
3438 4.813409 6.365513
3439 7.651185 6.494080
3440 6.651115 6.509784
3441 5.478330 6.406638
3442 4.542277 6.220202
3443 6.845242 6.282706
3444 6.776208 6.332056
3445 6.071920 6.306043
3446 7.072164 6.382655
3447 5.443501 6.288739
3448 7.376009 6.397466
3449 5.364923 6.294212
3450 5.101831 6.174974
3451 9.788231 6.536300
3452 7.743443 6.657014
3453 7.139008 6.705213
3454 5.602553 6.594947
3455 8.209330 6.756385
3456 6.820342 6.762781
3457 7.552698 6.841773
3458 6.062807 6.763876
3459 6.699708 6.757460
3460 8.236498 6.905364
3461 6.584801 6.873307
3462 8.343368 7.020313
3463 5.209890 6.839271
3464 5.524504 6.707794
3465 6.519746 6.688990
3466 4.588313 6.478922
3467 6.643299 6.495359
3468 8.636138 6.709437
3469 6.875235 6.726017
3470 5.609399 6.614355
3471 7.430401 6.695960
3472 4.873807 6.513744
3473 5.312903 6.393660
3474 5.118525 6.266147
3475 5.935550 6.233087
3476 7.635799 6.373358
3477 6.784345 6.414457
3478 7.325511 6.505562
3479 7.402349 6.595241
3480 5.811162 6.516833
3481 6.099896 6.475140
3482 7.370314 6.564657
3483 5.710107 6.479202
3484 7.348168 6.566099
3485 4.982530 6.407742
3486 9.293283 6.696296
3487 7.094088 6.736075
3488 5.450387 6.607506
3489 4.808072 6.427563
3490 7.216866 6.506493
3491 6.780865 6.533930
3492 6.109720 6.491509
3493 5.688161 6.411175
3494 7.636619 6.533719
3495 8.494067 6.729754
3496 9.844098 7.041188
3497 8.610154 7.198085
3498 7.237326 7.202009
3499 6.024390 7.084247
3500 6.714914 7.047314
3501 8.541070 7.196689
3502 8.460143 7.323034
3503 7.213933 7.312124
3504 5.403297 7.121242
