0 0.0396753246753 0.724702970297 0.101558441558 0.154851485149
0 0.179480519481 0.0894059405941 0.107012987013 0.163168316832
0 0.192987012987 0.149900990099 0.0907792207792 0.138415841584
0 0.487012987013 0.232376237624 0.105194805195 0.160396039604
0 0.493311688312 0.411188118812 0.105194805195 0.160396039604
0 0.462662337662 0.482673267327 0.097987012987 0.149405940594
0 0.556461038961 0.259900990099 0.097987012987 0.149405940594
0 0.648441558442 0.250297029703 0.097987012987 0.149405940594
0 0.476201298701 0.581683168317 0.0907792207792 0.138415841584
0 0.199318181818 0.943366336634 0.0835714285714 0.127425742574
0 0.148798701299 0.719207920792 0.0835714285714 0.127425742574
0 0.182175324675 0.797574257426 0.0835714285714 0.127425742574
