0 0.693344155844 0.956584158416 0.102597402597 0.156435643564
0 0.651461038961 0.929405940594 0.102597402597 0.156435643564
0 0.776071428571 0.918217821782 0.115194805195 0.175643564356
0 0.183279220779 0.678712871287 0.12987012987 0.19801980198
0 0.122532467532 0.459900990099 0.117272727273 0.178811881188
0 0.277532467532 0.386435643564 0.121493506494 0.185247524752
0 0.106818181818 0.231534653465 0.125649350649 0.191584158416
0 0.0282792207792 0.265099009901 0.125649350649 0.191584158416
0 0.687045454545 0.32099009901 0.119350649351 0.18198019802
0 0.493311688312 0.0702475247525 0.113116883117 0.172475247525
0 0.604318181818 0.00158415841584 0.113116883117 0.172475247525
