0 0.430194805195 0.792079207921 0.159285714286 0.242871287129
0 0.313863636364 0.680693069307 0.139480519481 0.212673267327
0 0.508668831169 0.606435643564 0.14487012987 0.220891089109
0 0.531201298701 0.525297029703 0.128636363636 0.196138613861
0 0.257922077922 0.415297029703 0.153896103896 0.234653465347
0 0.161428571429 0.471683168317 0.146688311688 0.223663366337
0 0.407662337662 0.206287128713 0.146688311688 0.223663366337
0 0.308441558442 0.177376237624 0.146688311688 0.223663366337
0 0.170454545455 0.13202970297 0.146688311688 0.223663366337
0 0.413051948052 0.0233663366337 0.11961038961 0.182376237624
