0 0.0126298701299 0.413910891089 0.0907792207792 0.138415841584
0 0.0694480519481 0.496435643564 0.0871428571429 0.132871287129
0 0.146103896104 0.533564356436 0.0871428571429 0.132871287129
0 0.387792207792 0.621584158416 0.0961688311688 0.146633663366
0 0.505941558442 0.489554455446 0.0961688311688 0.146633663366
0 0.504155844156 0.374059405941 0.0943506493506 0.143861386139
0 0.224577922078 0.222772277228 0.121428571429 0.185148514851
0 0.270551948052 0.369900990099 0.101558441558 0.154851485149
0 0.521298701299 0.210396039604 0.101558441558 0.154851485149
0 0.441006493506 0.24202970297 0.0907792207792 0.138415841584
0 0.44012987013 0.133366336634 0.0907792207792 0.138415841584
0 0.548344155844 0.0880198019802 0.101558441558 0.154851485149
0 0.661071428571 0.295643564356 0.0925324675325 0.141089108911
0 0.735032467532 0.309405940594 0.105194805195 0.160396039604
