0 0.18038961039 0.988712871287 0.157467532468 0.240099009901
0 0.149707792208 0.860841584158 0.139480519481 0.212673267327
0 0.176753246753 0.849851485149 0.139480519481 0.212673267327
0 0.471688311688 0.918613861386 0.126818181818 0.193366336634
0 0.553766233766 0.759059405941 0.134025974026 0.204356435644
0 0.265162337662 0.607821782178 0.130454545455 0.198910891089
0 0.356233766234 0.610544554455 0.116038961039 0.176930693069
0 0.371558441558 0.435940594059 0.123246753247 0.187920792079
0 0.755779220779 0.36301980198 0.134025974026 0.204356435644
0 0.672792207792 0.464801980198 0.110584415584 0.168613861386
0 0.503246753247 0.214504950495 0.116038961039 0.176930693069
0 0.37788961039 0.104504950495 0.125 0.190594059406
