0 0.542922077922 0.819603960396 0.11961038961 0.182376237624
0 0.202012987013 0.499158415842 0.108766233766 0.165841584158
0 0.238084415584 0.358910891089 0.108766233766 0.165841584158
0 0.211948051948 0.36301980198 0.108766233766 0.165841584158
0 0.673701298701 0.475792079208 0.117792207792 0.179603960396
0 0.602467532468 0.288762376238 0.123246753247 0.187920792079
0 0.538409090909 0.272277227723 0.101558441558 0.154851485149
0 0.640324675325 0.107277227723 0.103376623377 0.157623762376
0 0.709772727273 0.112772277228 0.116038961039 0.176930693069
0 0.827922077922 0.224158415842 0.130454545455 0.198910891089
0 0.842337662338 0.331386138614 0.110584415584 0.168613861386
0 0.934350649351 0.116881188119 0.0925324675325 0.141089108911
0 0.957792207792 0.28603960396 0.107012987013 0.163168316832
