0 0.064025974026 0.716435643564 0.103376623377 0.157623762376
0 0.114545454545 0.66004950495 0.0998051948052 0.152178217822
0 0.215551948052 0.60504950495 0.0998051948052 0.152178217822
0 0.354448051948 0.327277227723 0.112402597403 0.171386138614
0 0.244415584416 0.134752475248 0.130454545455 0.198910891089
0 0.533019480519 0.156782178218 0.112402597403 0.171386138614
0 0.638538961039 0.144405940594 0.108766233766 0.165841584158
0 0.68724025974 0.0673762376238 0.114220779221 0.174158415842
0 0.797272727273 0.0714851485149 0.114220779221 0.174158415842
0 0.838733766234 0.789306930693 0.137662337662 0.209900990099
