0 0.403149350649 0.671089108911 0.116038961039 0.176930693069
0 0.4825 0.665544554455 0.116038961039 0.176930693069
0 0.683636363636 0.73297029703 0.107012987013 0.163168316832
0 0.65025974026 0.566534653465 0.107012987013 0.163168316832
0 0.716103896104 0.459306930693 0.110584415584 0.168613861386
0 0.605162337662 0.416683168317 0.110584415584 0.168613861386
0 0.660162337662 0.266782178218 0.114220779221 0.174158415842
0 0.622305194805 0.127871287129 0.114220779221 0.174158415842
0 0.983961038961 0.764554455446 0.107012987013 0.163168316832
0 0.97762987013 0.911732673267 0.0943506493506 0.143861386139
