0 0.082987012987 0.823712871287 0.123246753247 0.187920792079
0 0.133474025974 0.89797029703 0.112402597403 0.171386138614
0 0.159642857143 0.731584158416 0.116038961039 0.176930693069
0 0.285909090909 0.708217821782 0.110584415584 0.168613861386
0 0.331883116883 0.155396039604 0.117792207792 0.179603960396
0 0.490616883117 0.343762376238 0.103376623377 0.157623762376
0 0.564577922078 0.647673267327 0.117792207792 0.179603960396
0 0.632207792208 0.544554455446 0.130454545455 0.198910891089
0 0.617792207792 0.723316831683 0.110584415584 0.168613861386
0 0.693538961039 0.620198019802 0.123246753247 0.187920792079
0 0.686331168831 0.730198019802 0.103376623377 0.157623762376
0 0.778311688312 0.720594059406 0.0925324675325 0.141089108911
0 0.82974025974 0.816831683168 0.088961038961 0.135643564356
0 0.909090909091 0.939207920792 0.088961038961 0.135643564356
0 0.985746753247 0.647673267327 0.088961038961 0.135643564356
0 0.693538961039 0.0343564356436 0.11961038961 0.182376237624
