0 0.579188311688 0.886287128713 0.0942207792208 0.143663366337
0 0.786558441558 0.926237623762 0.0942207792208 0.143663366337
0 0.808538961039 0.943811881188 0.0942207792208 0.143663366337
0 0.787597402597 0.480693069307 0.087987012987 0.134158415842
0 0.75512987013 0.220396039604 0.0984415584416 0.150099009901
0 0.750941558442 0.290643564356 0.0984415584416 0.150099009901
0 0.653538961039 0.0734653465347 0.0984415584416 0.150099009901
0 0.705909090909 0.0686633663366 0.0984415584416 0.150099009901
0 0.653538961039 0.209207920792 0.0858441558442 0.130891089109
0 0.376006493506 0.463118811881 0.0921428571429 0.140495049505
0 0.290097402597 0.689851485149 0.0921428571429 0.140495049505
0 0.435681818182 0.517425742574 0.0837662337662 0.127722772277
