0 0.0824025974026 0.0476237623762 0.124090909091 0.189207920792
0 0.0736688311688 0.154207920792 0.124090909091 0.189207920792
0 0.26224025974 0.399851485149 0.101623376623 0.15495049505
0 0.339675324675 0.462673267327 0.101623376623 0.15495049505
0 0.161103896104 0.864455445545 0.109090909091 0.166336633663
0 0.162337662338 0.925346534653 0.109090909091 0.166336633663
0 0.699285714286 0.466485148515 0.101623376623 0.15495049505
0 0.714285714286 0.569306930693 0.101623376623 0.15495049505
0 0.821688311688 0.544554455446 0.101623376623 0.15495049505
0 0.891623376623 0.613118811881 0.101623376623 0.15495049505
0 0.942792207792 0.571188118812 0.101623376623 0.15495049505
0 0.494512987013 0.599752475248 0.0916233766234 0.139702970297
0 0.302207792208 0.554059405941 0.0866233766234 0.132079207921
0 0.393344155844 0.542673267327 0.0866233766234 0.132079207921
