0 0.480714285714 0.785693069307 0.115194805195 0.175643564356
0 0.480714285714 0.889504950495 0.115194805195 0.175643564356
0 0.412662337662 0.760148514851 0.115194805195 0.175643564356
0 0.353993506494 0.586089108911 0.115194805195 0.175643564356
0 0.496428571429 0.755346534653 0.115194805195 0.175643564356
0 0.586525974026 0.501435643564 0.108896103896 0.16603960396
0 0.844155844156 0.384851485149 0.108896103896 0.16603960396
0 0.933181818182 0.386435643564 0.108896103896 0.16603960396
0 0.270227272727 0.220396039604 0.100519480519 0.153267326733
0 0.065974025974 0.0638613861386 0.100519480519 0.153267326733
0 0.123571428571 0.00638613861386 0.100519480519 0.153267326733
