0 0.179805194805 0.264653465347 0.116623376623 0.177821782178
0 0.0025 0.79396039604 0.111623376623 0.170198019802
0 0.246006493506 0.879653465347 0.111623376623 0.170198019802
0 0.176071428571 0.662623762376 0.121623376623 0.185445544554
0 0.509480519481 0.67400990099 0.0966233766234 0.147326732673
0 0.445811688312 0.687376237624 0.0966233766234 0.147326732673
0 0.560681818182 0.687376237624 0.0966233766234 0.147326732673
0 0.804188311688 0.73495049505 0.106623376623 0.162574257426
0 0.811688311688 0.87396039604 0.106623376623 0.162574257426
0 0.85038961039 0.0476237623762 0.0991558441558 0.151188118812
