0 0.519480519481 0.276089108911 0.141558441558 0.215841584158
0 0.610649350649 0.049504950495 0.141558441558 0.215841584158
0 0.474512987013 0.489356435644 0.154090909091 0.23495049505
0 0.539448051948 0.340841584158 0.154090909091 0.23495049505
0 0.352142857143 0.45504950495 0.144090909091 0.219702970297
0 0.164837662338 0.329405940594 0.144090909091 0.219702970297
0 0.24474025974 0.45698019802 0.144090909091 0.219702970297
0 0.388376623377 0.647376237624 0.131623376623 0.200693069307
0 0.340909090909 0.615 0.131623376623 0.200693069307
0 0.523214285714 0.685445544554 0.131623376623 0.200693069307
0 0.573181818182 0.77301980198 0.131623376623 0.200693069307
0 0.26724025974 0.279900990099 0.131623376623 0.200693069307
