0 0.435616883117 0.166386138614 0.155714285714 0.237425742574
0 0.563668831169 0.130643564356 0.143051948052 0.218118811881
0 0.843246753247 0.130643564356 0.143051948052 0.218118811881
0 0.955974025974 0.184257425743 0.137662337662 0.209900990099
0 0.79275974026 0.262673267327 0.130454545455 0.198910891089
0 0.854090909091 0.316287128713 0.152077922078 0.231881188119
0 0.99025974026 0.36301980198 0.125 0.190594059406
0 0.797272727273 0.456534653465 0.11961038961 0.182376237624
0 0.799967532468 0.511534653465 0.125 0.190594059406
0 0.926233766234 0.533564356436 0.143051948052 0.218118811881
