0 0.575681818182 0.655 0.134090909091 0.204455445545
0 0.650584415584 0.729257425743 0.134090909091 0.204455445545
0 0.453311688312 0.662623762376 0.121623376623 0.185445544554
0 0.415844155844 0.788267326733 0.121623376623 0.185445544554
0 0.410844155844 0.653069306931 0.121623376623 0.185445544554
0 0.239772727273 0.582623762376 0.114090909091 0.17396039604
0 0.217272727273 0.841584158416 0.114090909091 0.17396039604
0 0.511980519481 0.342722772277 0.114090909091 0.17396039604
0 0.726785714286 0.205643564356 0.114090909091 0.17396039604
0 0.676818181818 0.0875742574257 0.119090909091 0.181584158416
0 0.900357142857 0.514108910891 0.126623376623 0.193069306931
0 0.960292207792 0.620693069307 0.126623376623 0.193069306931
