0 0.0216558441558 0.492277227723 0.126818181818 0.193366336634
0 0.137987012987 0.654554455446 0.123246753247 0.187920792079
0 0.264253246753 0.455148514851 0.123246753247 0.187920792079
0 0.322857142857 0.272277227723 0.126818181818 0.193366336634
0 0.543831168831 0.610544554455 0.126818181818 0.193366336634
0 0.718798701299 0.587178217822 0.14487012987 0.220891089109
0 0.775616883117 0.467524752475 0.134025974026 0.204356435644
0 0.827012987013 0.600940594059 0.134025974026 0.204356435644
0 0.920811688312 0.83198019802 0.126818181818 0.193366336634
0 0.823409090909 0.815445544554 0.117792207792 0.179603960396
