0 0.701785714286 0.531237623762 0.101623376623 0.15495049505
0 0.746753246753 0.573118811881 0.101623376623 0.15495049505
0 0.655584415584 0.639752475248 0.101623376623 0.15495049505
0 0.604383116883 0.73495049505 0.0941558441558 0.143564356436
0 0.535714285714 0.696881188119 0.0941558441558 0.143564356436
0 0.733019480519 0.668316831683 0.0941558441558 0.143564356436
0 0.85288961039 0.477920792079 0.101623376623 0.15495049505
0 0.890357142857 0.17896039604 0.0891558441558 0.135940594059
0 0.656850649351 0.152326732673 0.101623376623 0.15495049505
0 0.459545454545 0.049504950495 0.0891558441558 0.135940594059
0 0.0936688311688 0.0209405940594 0.0891558441558 0.135940594059
0 0.589415584416 0.403663366337 0.0891558441558 0.135940594059
0 0.669318181818 0.498861386139 0.0891558441558 0.135940594059
