0 0.311071428571 0.664306930693 0.144545454545 0.220396039604
0 0.434642857143 0.697871287129 0.144545454545 0.220396039604
0 0.434642857143 0.852772277228 0.146623376623 0.223564356436
0 0.346655844156 0.865544554455 0.138246753247 0.210792079208
0 0.566623376623 0.891089108911 0.138246753247 0.210792079208
0 0.692305194805 0.975742574257 0.138246753247 0.210792079208
0 0.783409090909 0.405643564356 0.150779220779 0.229900990099
0 0.88711038961 0.546138613861 0.144545454545 0.220396039604
0 0.766655844156 0.632376237624 0.144545454545 0.220396039604
0 0.399025974026 0.255495049505 0.140324675325 0.21396039604
0 0.450357142857 0.00321782178218 0.140324675325 0.21396039604
