0 0.215551948052 0.937821782178 0.125 0.190594059406
0 0.340909090909 0.984603960396 0.112402597403 0.171386138614
0 0.459058441558 0.61603960396 0.117792207792 0.179603960396
0 0.522175324675 0.441435643564 0.139480519481 0.212673267327
0 0.46987012987 0.400148514851 0.130454545455 0.198910891089
0 0.609675324675 0.413910891089 0.135844155844 0.207128712871
0 0.535714285714 0.225544554455 0.135844155844 0.207128712871
0 0.450032467532 0.195247524752 0.130454545455 0.198910891089
0 0.723311688312 0.206287128713 0.112402597403 0.171386138614
0 0.913603896104 0.401534653465 0.134025974026 0.204356435644
