0 0.130779220779 0.490940594059 0.132272727273 0.201683168317
0 0.40224025974 0.684801980198 0.11961038961 0.182376237624
0 0.499642857143 0.69995049505 0.114220779221 0.174158415842
0 0.465357142857 0.566534653465 0.126818181818 0.193366336634
0 0.573603896104 0.504653465347 0.116038961039 0.176930693069
0 0.50775974026 0.402920792079 0.112402597403 0.171386138614
0 0.596136363636 0.693069306931 0.105194805195 0.160396039604
0 0.763896103896 0.591287128713 0.112402597403 0.171386138614
0 0.875714285714 0.563811881188 0.110584415584 0.168613861386
0 0.806266233766 0.672425742574 0.110584415584 0.168613861386
0 0.891038961039 0.756336633663 0.110584415584 0.168613861386
0 0.993863636364 0.771435643564 0.110584415584 0.168613861386
0 0.0874675324675 0.745346534653 0.107012987013 0.163168316832
