0 0.0649350649351 0.965346534653 0.141233766234 0.215346534653
0 0.18038961039 0.859455445545 0.128636363636 0.196138613861
0 0.287694805195 0.694455445545 0.112402597403 0.171386138614
0 0.174058441558 0.673811881188 0.11961038961 0.182376237624
0 0.456363636364 0.567920792079 0.135844155844 0.207128712871
0 0.576298701299 0.617425742574 0.126818181818 0.193366336634
0 0.173149350649 0.453811881188 0.117792207792 0.179603960396
0 0.130779220779 0.453811881188 0.0998051948052 0.152178217822
0 0.276883116883 0.500544554455 0.112402597403 0.171386138614
0 0.252532467532 0.346534653465 0.116038961039 0.176930693069
0 0.183084415584 0.349306930693 0.101558441558 0.154851485149
0 0.201103896104 0.151287128713 0.114220779221 0.174158415842
