0 0.0865909090909 0.834702970297 0.177337662338 0.270396039604
0 0.212857142857 0.851188118812 0.153896103896 0.234653465347
0 0.467175324675 0.770099009901 0.126818181818 0.193366336634
0 0.41487012987 0.676584158416 0.173701298701 0.264851485149
0 0.293116883117 0.583069306931 0.132272727273 0.201683168317
0 0.418474025974 0.445544554455 0.152077922078 0.231881188119
0 0.317467532468 0.324554455446 0.161103896104 0.245643564356
0 0.245324675325 0.196633663366 0.123246753247 0.187920792079
0 0.188506493506 0.0357425742574 0.139480519481 0.212673267327
0 0.695357142857 0.697178217822 0.153896103896 0.234653465347
