0 0.0136038961039 0.659554455446 0.0963636363636 0.146930693069
0 0.10474025974 0.654752475248 0.102597402597 0.156435643564
0 0.155 0.426386138614 0.0858441558442 0.130891089109
0 0.270227272727 0.496633663366 0.0921428571429 0.140495049505
0 0.242987012987 0.590841584158 0.0921428571429 0.140495049505
0 0.326785714286 0.550940594059 0.0921428571429 0.140495049505
0 0.408474025974 0.0351485148515 0.0921428571429 0.140495049505
0 0.494350649351 0.0351485148515 0.0921428571429 0.140495049505
0 0.720584415584 0.258712871287 0.102597402597 0.156435643564
0 0.830551948052 0.202821782178 0.0963636363636 0.146930693069
