0 0.616883116883 0.947475247525 0.14487012987 0.220891089109
0 0.643051948052 0.914455445545 0.14487012987 0.220891089109
0 0.598831168831 0.453811881188 0.14487012987 0.220891089109
0 0.501428571429 0.402920792079 0.125 0.190594059406
0 0.385097402597 0.317673267327 0.135844155844 0.207128712871
0 0.237207792208 0.273663366337 0.15025974026 0.229108910891
0 0.552857142857 0.228267326733 0.141233766234 0.215346534653
0 0.643051948052 0.232376237624 0.15025974026 0.229108910891
0 0.786428571429 0.303910891089 0.15025974026 0.229108910891
0 0.925324675325 0.213168316832 0.15025974026 0.229108910891
0 0.95237012987 0.435940594059 0.15025974026 0.229108910891
