0 0.258831168831 0.111386138614 0.107012987013 0.163168316832
0 0.376071428571 0.53495049505 0.107012987013 0.163168316832
0 0.428376623377 0.815445544554 0.107012987013 0.163168316832
0 0.490616883117 0.710940594059 0.107012987013 0.163168316832
0 0.625909090909 0.858069306931 0.103376623377 0.157623762376
0 0.781915584416 0.717821782178 0.0998051948052 0.152178217822
0 0.856785714286 0.756336633663 0.101558441558 0.154851485149
0 0.874805194805 0.598168316832 0.112402597403 0.171386138614
0 0.961396103896 0.576188118812 0.112402597403 0.171386138614
0 0.895551948052 0.423564356436 0.123246753247 0.187920792079
