0 0.350844155844 0.394455445545 0.123571428571 0.188415841584
0 0.224123376623 0.34495049505 0.131948051948 0.201188118812
0 0.674480519481 0.932623762376 0.123571428571 0.188415841584
0 0.790746753247 0.820841584158 0.127727272727 0.194752475248
0 0.735227272727 0.734603960396 0.127727272727 0.194752475248
0 0.879772727273 0.817623762376 0.127727272727 0.194752475248
0 0.873474025974 0.996485148515 0.127727272727 0.194752475248
0 0.770844155844 0.51900990099 0.127727272727 0.194752475248
0 0.858831168831 0.42797029703 0.127727272727 0.194752475248
0 0.797012987013 0.00480198019802 0.113116883117 0.172475247525
0 0.8075 0.0462871287129 0.10474025974 0.159702970297
