0 0.72961038961 0.781089108911 0.103376623377 0.157623762376
0 0.815292207792 0.745346534653 0.103376623377 0.157623762376
0 0.771103896104 0.628415841584 0.103376623377 0.157623762376
0 0.873928571429 0.675198019802 0.108766233766 0.165841584158
0 0.979448051948 0.841584158416 0.114220779221 0.174158415842
0 0.450032467532 0.704059405941 0.103376623377 0.157623762376
0 0.530292207792 0.166386138614 0.107012987013 0.163168316832
0 0.593441558442 0.203514851485 0.107012987013 0.163168316832
0 0.701655844156 0.116881188119 0.107012987013 0.163168316832
0 0.223668831169 0.746683168317 0.107012987013 0.163168316832
