0 0.645162337662 0.993316831683 0.106818181818 0.162871287129
0 0.594902597403 0.825594059406 0.117272727273 0.178811881188
0 0.376006493506 0.911831683168 0.134025974026 0.204356435644
0 0.28487012987 0.950198019802 0.134025974026 0.204356435644
0 0.148733766234 0.857574257426 0.110974025974 0.169207920792
0 0.109967532468 0.910247524752 0.110974025974 0.169207920792
0 0.388571428571 0.629207920792 0.136103896104 0.207524752475
0 0.980324675325 0.372079207921 0.108896103896 0.16603960396
0 0.719512987013 0.293811881188 0.163376623377 0.249108910891
0 0.615844155844 0.126138613861 0.163376623377 0.249108910891
0 0.578116883117 0.285841584158 0.157077922078 0.239504950495
0 0.493311688312 0.284257425743 0.157077922078 0.239504950495
