0 0.636720779221 0.965346534653 0.105194805195 0.160396039604
0 0.69987012987 0.856732673267 0.110584415584 0.168613861386
0 0.63762987013 0.739801980198 0.107012987013 0.163168316832
0 0.743149350649 0.720594059406 0.107012987013 0.163168316832
0 0.80987012987 0.416683168317 0.107012987013 0.163168316832
0 0.895551948052 0.350643564356 0.0943506493506 0.143861386139
0 0.436493506494 0.884207920792 0.0943506493506 0.143861386139
0 0.225454545455 0.695841584158 0.0871428571429 0.132871287129
0 0.43288961039 0.599554455446 0.0871428571429 0.132871287129
0 0.0676298701299 0.852574257426 0.0871428571429 0.132871287129
