0 0.174058441558 0.954356435644 0.103376623377 0.157623762376
0 0.303019480519 0.610544554455 0.097987012987 0.149405940594
0 0.268766233766 0.578910891089 0.097987012987 0.149405940594
0 0.37788961039 0.666930693069 0.097987012987 0.149405940594
0 0.316558441558 0.479900990099 0.097987012987 0.149405940594
0 0.228181818182 0.277772277228 0.0871428571429 0.132871287129
0 0.228181818182 0.145742574257 0.0871428571429 0.132871287129
0 0.29038961039 0.203514851485 0.0925324675325 0.141089108911
0 0.442824675325 0.101782178218 0.0943506493506 0.143861386139
0 0.330974025974 0.149900990099 0.0907792207792 0.138415841584
