0 0.174902597403 0.239554455446 0.110974025974 0.169207920792
0 0.101590909091 0.212376237624 0.0942207792208 0.143663366337
0 0.0638961038961 0.423168316832 0.100519480519 0.153267326733
0 0.00211038961039 0.498267326733 0.100519480519 0.153267326733
0 0.474448051948 0.0814356435644 0.115194805195 0.175643564356
0 0.513181818182 0.135742574257 0.115194805195 0.175643564356
0 0.591753246753 0.0159900990099 0.115194805195 0.175643564356
0 0.548798701299 0.632376237624 0.108896103896 0.16603960396
0 0.346655844156 0.683465346535 0.0942207792208 0.143663366337
0 0.405324675325 0.637178217822 0.0942207792208 0.143663366337
0 0.26288961039 0.177277227723 0.100519480519 0.153267326733
