0 0.133019480519 0.415198019802 0.108896103896 0.16603960396
0 0.220974025974 0.351336633663 0.108896103896 0.16603960396
0 0.136168831169 0.188415841584 0.108896103896 0.16603960396
0 0.00418831168831 0.199603960396 0.108896103896 0.16603960396
0 0.177012987013 0.841584158416 0.0858441558442 0.130891089109
0 0.119383116883 0.889504950495 0.0921428571429 0.140495049505
0 0.47025974026 0.480693069307 0.102597402597 0.156435643564
0 0.904902597403 0.833613861386 0.113116883117 0.172475247525
0 0.487012987013 0.678712871287 0.0858441558442 0.130891089109
0 0.381233766234 0.927821782178 0.0921428571429 0.140495049505
