0 0.1975 0.924108910891 0.121428571429 0.185148514851
0 0.240811688312 0.785198019802 0.123246753247 0.187920792079
0 0.324675324675 0.888316831683 0.117792207792 0.179603960396
0 0.296720779221 0.415297029703 0.123246753247 0.187920792079
0 0.409448051948 0.434554455446 0.112402597403 0.171386138614
0 0.372467532468 0.310792079208 0.126818181818 0.193366336634
0 0.18038961039 0.0990099009901 0.121428571429 0.185148514851
0 0.0964935064935 0.104504950495 0.117792207792 0.179603960396
0 0.551948051948 0.301138613861 0.097987012987 0.149405940594
0 0.597954545455 0.437277227723 0.0998051948052 0.152178217822
0 0.663766233766 0.338267326733 0.126818181818 0.193366336634
0 0.762077922078 0.547326732673 0.116038961039 0.176930693069
0 0.800876623377 0.514306930693 0.116038961039 0.176930693069
