0 0.32737012987 0.933712871287 0.114220779221 0.174158415842
0 0.351720779221 0.797574257426 0.103376623377 0.157623762376
0 0.44461038961 0.761831683168 0.112402597403 0.171386138614
0 0.825227272727 0.814059405941 0.105194805195 0.160396039604
0 0.374285714286 0.66004950495 0.114220779221 0.174158415842
0 0.387792207792 0.595445544554 0.108766233766 0.165841584158
0 0.430194805195 0.463415841584 0.108766233766 0.165841584158
0 0.386915584416 0.433168316832 0.105194805195 0.160396039604
0 0.484318181818 0.343762376238 0.105194805195 0.160396039604
0 0.473474025974 0.119653465347 0.105194805195 0.160396039604
0 0.12987012987 0.477178217822 0.0998051948052 0.152178217822
0 0.0279545454545 0.515693069307 0.121428571429 0.185148514851
