0 0.179805194805 0.847277227723 0.121623376623 0.185445544554
0 0.00873376623377 0.761633663366 0.106623376623 0.162574257426
0 0.383376623377 0.71400990099 0.106623376623 0.162574257426
0 0.462045454545 0.797772277228 0.101623376623 0.15495049505
0 0.584415584416 0.510297029703 0.101623376623 0.15495049505
0 0.593149350649 0.154207920792 0.101623376623 0.15495049505
0 0.538214285714 0.243712871287 0.0991558441558 0.151188118812
0 0.504480519481 0.00762376237624 0.0991558441558 0.151188118812
0 0.535714285714 0.0837623762376 0.0941558441558 0.143564356436
0 0.432077922078 0.215148514851 0.0941558441558 0.143564356436
0 0.353409090909 0.281782178218 0.104090909091 0.158712871287
0 0.197305194805 0.335099009901 0.104090909091 0.158712871287
0 0.13487012987 0.217079207921 0.0791558441558 0.120693069307
