0 0.216038961039 0.0628217821782 0.109090909091 0.166336633663
0 0.238506493506 0.154207920792 0.109090909091 0.166336633663
0 0.489512987013 0.380792079208 0.0941558441558 0.143564356436
0 0.544448051948 0.43603960396 0.0841558441558 0.128316831683
0 0.874123376623 0.466485148515 0.0991558441558 0.151188118812
0 0.915324675325 0.565495049505 0.0941558441558 0.143564356436
0 0.989025974026 0.542673267327 0.109090909091 0.166336633663
0 0.375876623377 0.803514851485 0.101623376623 0.15495049505
0 0.545714285714 0.931089108911 0.0841558441558 0.128316831683
0 0.544448051948 0.53504950495 0.0791558441558 0.120693069307
0 0.0974025974026 0.771138613861 0.0716233766234 0.109207920792
0 0.0299675324675 0.784455445545 0.0791558441558 0.120693069307
0 0.0911688311688 0.49504950495 0.0791558441558 0.120693069307
