0 0.561363636364 0.664306930693 0.146623376623 0.223564356436
0 0.596980519481 0.873514851485 0.146623376623 0.223564356436
0 0.715324675325 0.879900990099 0.146623376623 0.223564356436
0 0.701720779221 0.728217821782 0.146623376623 0.223564356436
0 0.961461038961 0.520594059406 0.146623376623 0.223564356436
0 0.905941558442 0.212376237624 0.121493506494 0.185247524752
0 0.947857142857 0.0558910891089 0.113116883117 0.172475247525
0 0.527857142857 0.260297029703 0.144545454545 0.220396039604
0 0.614772727273 0.0287623762376 0.134025974026 0.204356435644
0 0.0523701298701 0.0462871287129 0.134025974026 0.204356435644
