0 0.0775649350649 0.211782178218 0.103376623377 0.157623762376
0 0.179480519481 0.17603960396 0.114220779221 0.174158415842
0 0.177662337662 0.75495049505 0.114220779221 0.174158415842
0 0.302142857143 0.783811881188 0.108766233766 0.165841584158
0 0.243506493506 0.539059405941 0.103376623377 0.157623762376
0 0.283181818182 0.543168316832 0.103376623377 0.157623762376
0 0.347207792208 0.434554455446 0.121428571429 0.185148514851
0 0.630422077922 0.503316831683 0.107012987013 0.163168316832
0 0.647532467532 0.430396039604 0.117792207792 0.179603960396
0 0.865811688312 0.367178217822 0.132272727273 0.201683168317
0 0.979448051948 0.409801980198 0.132272727273 0.201683168317
0 0.868506493506 0.309405940594 0.132272727273 0.201683168317
0 0.91538961039 0.104504950495 0.114220779221 0.174158415842
