0 0.56974025974 0.477475247525 0.159155844156 0.242673267327
0 0.534155844156 0.266683168317 0.152922077922 0.233168316832
0 0.422077922078 0.148514851485 0.152922077922 0.233168316832
0 0.542532467532 0.0383168316832 0.152922077922 0.233168316832
0 0.636785714286 0.185247524752 0.152922077922 0.233168316832
0 0.797012987013 0.32896039604 0.152922077922 0.233168316832
0 0.904902597403 0.241138613861 0.148701298701 0.226732673267
0 0.925844155844 0.429554455446 0.155 0.236336633663
0 0.865097402597 0.672326732673 0.148701298701 0.226732673267
0 0.771883116883 0.86396039604 0.148701298701 0.226732673267
0 0.649350649351 0.74896039604 0.148701298701 0.226732673267
0 0.65038961039 0.878316831683 0.148701298701 0.226732673267
