0 0.648116883117 0.211336633663 0.0966233766234 0.147326732673
0 0.584415584416 0.624504950495 0.0991558441558 0.151188118812
0 0.668084415584 0.597871287129 0.0941558441558 0.143564356436
0 0.735519480519 0.523613861386 0.0891558441558 0.135940594059
0 0.792954545455 0.470297029703 0.0966233766234 0.147326732673
0 0.877857142857 0.538861386139 0.0966233766234 0.147326732673
0 0.976525974026 0.542673267327 0.101623376623 0.15495049505
0 0.475779220779 0.742574257426 0.0941558441558 0.143564356436
0 0.464545454545 0.858712871287 0.0866233766234 0.132079207921
0 0.518246753247 0.832079207921 0.0891558441558 0.135940594059
0 0.423311688312 0.786386138614 0.0891558441558 0.135940594059
