0 0.450032467532 0.80995049505 0.137662337662 0.209900990099
0 0.830616883117 0.983217821782 0.137662337662 0.209900990099
0 0.560974025974 0.71504950495 0.128636363636 0.196138613861
0 0.597954545455 0.577574257426 0.125 0.190594059406
0 0.476201298701 0.522574257426 0.141233766234 0.215346534653
0 0.217337662338 0.464801980198 0.134025974026 0.204356435644
0 0.183084415584 0.27504950495 0.134025974026 0.204356435644
0 0.308441558442 0.228267326733 0.143051948052 0.218118811881
0 0.234480519481 0.0316336633663 0.137662337662 0.209900990099
0 0.147012987013 0.111386138614 0.134025974026 0.204356435644
