0 0.836948051948 0.962574257426 0.0961688311688 0.146633663366
0 0.741331168831 0.896584158416 0.0961688311688 0.146633663366
0 0.786428571429 0.726089108911 0.0961688311688 0.146633663366
0 0.899155844156 0.730198019802 0.0961688311688 0.146633663366
0 0.876623376623 0.578910891089 0.0961688311688 0.146633663366
0 0.859480519481 0.602326732673 0.0961688311688 0.146633663366
0 0.765681818182 0.603663366337 0.0961688311688 0.146633663366
0 0.810779220779 0.484059405941 0.103376623377 0.157623762376
0 0.826103896104 0.151287128713 0.0961688311688 0.146633663366
0 0.749448051948 0.12099009901 0.0961688311688 0.146633663366
0 0.808084415584 0.0164851485149 0.0961688311688 0.146633663366
0 0.748571428571 0.0151485148515 0.0961688311688 0.146633663366
