0 0.390844155844 0.647376237624 0.131623376623 0.200693069307
0 0.439545454545 0.746386138614 0.114090909091 0.17396039604
0 0.513246753247 0.727326732673 0.114090909091 0.17396039604
0 0.668084415584 0.234207920792 0.129090909091 0.196831683168
0 0.581915584416 0.35603960396 0.109090909091 0.166336633663
0 0.508246753247 0.150396039604 0.111623376623 0.170198019802
0 0.434577922078 0.0799504950495 0.109090909091 0.166336633663
0 0.676818181818 0.0361881188119 0.109090909091 0.166336633663
0 0.814188311688 0.915841584158 0.101623376623 0.15495049505
0 0.749253246753 0.790198019802 0.0991558441558 0.151188118812
0 0.00623376623377 0.523613861386 0.0841558441558 0.128316831683
