0 0.217337662338 0.408415841584 0.11961038961 0.182376237624
0 0.324675324675 0.391930693069 0.11961038961 0.182376237624
0 0.276883116883 0.148514851485 0.108766233766 0.165841584158
0 0.358961038961 0.178762376238 0.108766233766 0.165841584158
0 0.597954545455 0.060495049505 0.108766233766 0.165841584158
0 0.656558441558 0.257128712871 0.121428571429 0.185148514851
0 0.709772727273 0.248910891089 0.101558441558 0.154851485149
0 0.753961038961 0.0976237623762 0.097987012987 0.149405940594
0 0.565487012987 0.790693069307 0.108766233766 0.165841584158
0 0.896461038961 0.653168316832 0.132272727273 0.201683168317
