0 0.448311688312 0.837772277228 0.0916233766234 0.139702970297
0 0.505746753247 0.828267326733 0.0916233766234 0.139702970297
0 0.460779220779 0.721633663366 0.0916233766234 0.139702970297
0 0.395844155844 0.776831683168 0.0916233766234 0.139702970297
0 0.570681818182 0.611188118812 0.0991558441558 0.151188118812
0 0.653084415584 0.588366336634 0.0966233766234 0.147326732673
0 0.724285714286 0.514108910891 0.0866233766234 0.132079207921
0 0.781720779221 0.449356435644 0.0916233766234 0.139702970297
0 0.85288961039 0.531237623762 0.0966233766234 0.147326732673
0 0.965292207792 0.554059405941 0.0916233766234 0.139702970297
0 0.955292207792 0.517920792079 0.0916233766234 0.139702970297
0 0.636850649351 0.203712871287 0.0966233766234 0.147326732673
0 0.569415584416 0.0304455445545 0.0816233766234 0.124455445545
