0 0.649350649351 0.827821782178 0.108766233766 0.165841584158
0 0.718798701299 0.673811881188 0.108766233766 0.165841584158
0 0.545649350649 0.632574257426 0.105194805195 0.160396039604
0 0.736818181818 0.485445544554 0.112402597403 0.171386138614
0 0.949675324675 0.423564356436 0.0961688311688 0.146633663366
0 0.907272727273 0.390544554455 0.0961688311688 0.146633663366
0 0.982142857143 0.266782178218 0.0871428571429 0.132871287129
0 0.663766233766 0.196633663366 0.114220779221 0.174158415842
0 0.506850649351 0.114158415842 0.123246753247 0.187920792079
0 0.162337662338 0.0756435643564 0.108766233766 0.165841584158
