0 0.282272727273 0.893861386139 0.114220779221 0.174158415842
0 0.18038961039 0.739801980198 0.128636363636 0.196138613861
0 0.202922077922 0.580297029703 0.112402597403 0.171386138614
0 0.289512987013 0.680693069307 0.112402597403 0.171386138614
0 0.342727272727 0.642178217822 0.112402597403 0.171386138614
0 0.373376623377 0.387772277228 0.126818181818 0.193366336634
0 0.415779220779 0.239257425743 0.130454545455 0.198910891089
0 0.500551948052 0.369900990099 0.125 0.190594059406
0 0.651168831169 0.419405940594 0.112402597403 0.171386138614
0 0.69987012987 0.389158415842 0.112402597403 0.171386138614
0 0.878441558442 0.552821782178 0.11961038961 0.182376237624
0 0.86038961039 0.69995049505 0.112402597403 0.171386138614
0 0.902792207792 0.690297029703 0.112402597403 0.171386138614
0 0.921720779221 0.803069306931 0.112402597403 0.171386138614
