0 0.382272727273 0.760148514851 0.125649350649 0.191584158416
0 0.960422077922 0.678712871287 0.125649350649 0.191584158416
0 0.712175324675 0.277871287129 0.142402597403 0.217128712871
0 0.602207792208 0.237920792079 0.102597402597 0.156435643564
0 0.538344155844 0.32099009901 0.123571428571 0.188415841584
0 0.462922077922 0.357722772277 0.108896103896 0.16603960396
0 0.475487012987 0.218762376238 0.123571428571 0.188415841584
0 0.327824675325 0.20599009901 0.123571428571 0.188415841584
0 0.374935064935 0.388069306931 0.131948051948 0.201188118812
0 0.982402597403 0.804851485149 0.113116883117 0.172475247525
