0 0.484512987013 0.35603960396 0.0991558441558 0.151188118812
0 0.459545454545 0.487425742574 0.0991558441558 0.151188118812
0 0.38711038961 0.41698019802 0.0991558441558 0.151188118812
0 0.214772727273 0.801584158416 0.0916233766234 0.139702970297
0 0.0799350649351 0.264653465347 0.0916233766234 0.139702970297
0 0.0312337662338 0.15995049505 0.0916233766234 0.139702970297
0 0.897857142857 0.531237623762 0.0791558441558 0.120693069307
0 0.85538961039 0.622623762376 0.0791558441558 0.120693069307
0 0.015 0.790198019802 0.0741558441558 0.113069306931
0 0.107402597403 0.201831683168 0.0916233766234 0.139702970297
0 0.819188311688 0.81301980198 0.0791558441558 0.120693069307
0 0.925324675325 0.915841584158 0.0991558441558 0.151188118812
0 0.538214285714 0.00569306930693 0.0741558441558 0.113069306931
