0 0.733149350649 0.752178217822 0.136103896104 0.207524752475
0 0.602207792208 0.694653465347 0.125649350649 0.191584158416
0 0.65038961039 0.74896039604 0.125649350649 0.191584158416
0 0.700681818182 0.557326732673 0.125649350649 0.191584158416
0 0.429415584416 0.127772277228 0.136103896104 0.207524752475
0 0.539383116883 0.217178217822 0.136103896104 0.207524752475
0 0.36237012987 0.268267326733 0.123571428571 0.188415841584
0 0.352954545455 0.322574257426 0.115194805195 0.175643564356
0 0.277532467532 0.50301980198 0.12987012987 0.19801980198
0 0.217857142857 0.579702970297 0.125649350649 0.191584158416
0 0.0136038961039 0.237920792079 0.119350649351 0.18198019802
