0 0.46711038961 0.96297029703 0.121493506494 0.185247524752
0 0.25974025974 0.927821782178 0.117272727273 0.178811881188
0 0.252402597403 0.817623762376 0.117272727273 0.178811881188
0 0.286980519481 0.568514851485 0.127727272727 0.194752475248
0 0.163376623377 0.423168316832 0.131948051948 0.201188118812
0 0.170714285714 0.153316831683 0.138246753247 0.210792079208
0 0.293246753247 0.22995049505 0.138246753247 0.210792079208
0 0.444058441558 0.306633663366 0.142402597403 0.217128712871
0 0.533084415584 0.373663366337 0.131948051948 0.201188118812
0 0.679707792208 0.132524752475 0.131948051948 0.201188118812
