0 0.0992207792208 0.889702970297 0.0907792207792 0.138415841584
0 0.0108116883117 0.620198019802 0.0907792207792 0.138415841584
0 0.0 0.232376237624 0.0907792207792 0.138415841584
0 0.0820779220779 0.217277227723 0.0762987012987 0.116336633663
0 0.330974025974 0.0357425742574 0.088961038961 0.135643564356
0 0.412142857143 0.0825247524752 0.0853246753247 0.130099009901
0 0.409448051948 0.15400990099 0.088961038961 0.135643564356
0 0.894675324675 0.873217821782 0.0835714285714 0.127425742574
0 0.873928571429 0.642178217822 0.114220779221 0.174158415842
0 0.827922077922 0.361683168317 0.107012987013 0.163168316832
0 0.853181818182 0.26400990099 0.107012987013 0.163168316832
0 0.752175324675 0.261287128713 0.107012987013 0.163168316832
0 0.804480519481 0.14301980198 0.107012987013 0.163168316832
0 0.912694805195 0.116881188119 0.107012987013 0.163168316832
0 0.986655844156 0.229653465347 0.107012987013 0.163168316832
0 0.856785714286 0.0275247524752 0.107012987013 0.163168316832
0 0.160519480519 0.620198019802 0.0943506493506 0.143861386139
