0 0.805454545455 0.634059405941 0.104090909091 0.158712871287
0 0.40211038961 0.73495049505 0.124090909091 0.189207920792
0 0.289707792208 0.778762376238 0.111623376623 0.170198019802
0 0.199805194805 0.706386138614 0.111623376623 0.170198019802
0 0.0974025974026 0.681633663366 0.111623376623 0.170198019802
0 0.136103896104 0.308465346535 0.111623376623 0.170198019802
0 0.186071428571 0.611188118812 0.111623376623 0.170198019802
0 0.251006493506 0.894900990099 0.0941558441558 0.143564356436
0 0.172337662338 0.843465346535 0.0941558441558 0.143564356436
0 0.0187337662338 0.786386138614 0.0941558441558 0.143564356436
