0 0.0224675324675 0.531237623762 0.129090909091 0.196831683168
0 0.118636363636 0.944405940594 0.134090909091 0.204455445545
0 0.348409090909 0.746386138614 0.134090909091 0.204455445545
0 0.438311688312 0.809207920792 0.134090909091 0.204455445545
0 0.457045454545 0.472178217822 0.141558441558 0.215841584158
0 0.320941558442 0.474108910891 0.121623376623 0.185445544554
0 0.643116883117 0.361782178218 0.139090909091 0.212079207921
0 0.613149350649 0.544554455446 0.139090909091 0.212079207921
0 0.489512987013 0.628316831683 0.119090909091 0.181584158416
0 0.87038961039 0.331287128713 0.131623376623 0.200693069307
0 0.789220779221 0.378910891089 0.131623376623 0.200693069307
0 0.556948051948 0.0875742574257 0.124090909091 0.189207920792
0 0.475779220779 0.11995049505 0.116623376623 0.177821782178
