0 0.480779220779 0.55599009901 0.119090909091 0.181584158416
0 0.37461038961 0.554059405941 0.114090909091 0.17396039604
0 0.452045454545 0.656881188119 0.114090909091 0.17396039604
0 0.555681818182 0.672128712871 0.114090909091 0.17396039604
0 0.13737012987 0.498861386139 0.109090909091 0.166336633663
0 0.0649350649351 0.45504950495 0.114090909091 0.17396039604
0 0.0649350649351 0.548366336634 0.114090909091 0.17396039604
0 0.369642857143 0.384603960396 0.114090909091 0.17396039604
0 0.473279220779 0.45504950495 0.111623376623 0.170198019802
0 0.835422077922 0.323663366337 0.114090909091 0.17396039604
0 0.97525974026 0.232277227723 0.121623376623 0.185445544554
0 0.916590909091 0.0704455445545 0.114090909091 0.17396039604
0 0.941558441558 0.586435643564 0.119090909091 0.181584158416
0 0.842922077922 0.508366336634 0.111623376623 0.170198019802
0 0.896590909091 0.725445544554 0.114090909091 0.17396039604
0 0.836655844156 0.746386138614 0.111623376623 0.170198019802
0 0.854155844156 0.896782178218 0.119090909091 0.181584158416
0 0.955292207792 0.883465346535 0.114090909091 0.17396039604
