0 0.0198376623377 0.797574257426 0.132272727273 0.201683168317
0 0.123571428571 0.844356435644 0.126818181818 0.193366336634
0 0.255227272727 0.962574257426 0.126818181818 0.193366336634
0 0.258831168831 0.741188118812 0.123246753247 0.187920792079
0 0.44012987013 0.738465346535 0.112402597403 0.171386138614
0 0.545649350649 0.662821782178 0.112402597403 0.171386138614
0 0.593441558442 0.83198019802 0.141233766234 0.215346534653
0 0.635811688312 0.551435643564 0.130454545455 0.198910891089
0 0.770194805195 0.202128712871 0.114220779221 0.174158415842
0 0.855876623377 0.107277227723 0.126818181818 0.193366336634
0 0.680909090909 0.819603960396 0.117792207792 0.179603960396
