0 0.0555194805195 0.199603960396 0.117272727273 0.178811881188
0 0.12775974026 0.231534653465 0.117272727273 0.178811881188
0 0.143474025974 0.138910891089 0.10474025974 0.159702970297
0 0.317337662338 0.354504950495 0.110974025974 0.169207920792
0 0.269155844156 0.515792079208 0.110974025974 0.169207920792
0 0.12987012987 0.570099009901 0.100519480519 0.153267326733
0 0.458733766234 0.793663366337 0.123571428571 0.188415841584
0 0.458733766234 0.907079207921 0.117272727273 0.178811881188
0 0.529967532468 0.814455445545 0.106818181818 0.162871287129
0 0.54775974026 0.835198019802 0.106818181818 0.162871287129
