0 0.684967532468 0.656336633663 0.0816883116883 0.124554455446
0 0.633636363636 0.766534653465 0.0816883116883 0.124554455446
0 0.498538961039 0.584455445545 0.0816883116883 0.124554455446
0 0.584415584416 0.453514851485 0.0963636363636 0.146930693069
0 0.666103896104 0.487079207921 0.0963636363636 0.146930693069
0 0.567662337662 0.319405940594 0.0963636363636 0.146930693069
0 0.581266233766 0.236336633663 0.0900649350649 0.137326732673
0 0.480714285714 0.266683168317 0.0900649350649 0.137326732673
0 0.506915584416 0.167673267327 0.0963636363636 0.146930693069
0 0.593831168831 0.137326732673 0.0963636363636 0.146930693069
