0 0.311136363636 0.709554455446 0.105194805195 0.160396039604
0 0.545649350649 0.915841584158 0.101558441558 0.154851485149
0 0.560974025974 0.770099009901 0.101558441558 0.154851485149
0 0.506850649351 0.749455445545 0.101558441558 0.154851485149
0 0.574480519481 0.658712871287 0.103376623377 0.157623762376
0 0.55012987013 0.567920792079 0.110584415584 0.168613861386
0 0.633116883117 0.525297029703 0.110584415584 0.168613861386
0 0.510454545455 0.574801980198 0.110584415584 0.168613861386
0 0.530292207792 0.433168316832 0.110584415584 0.168613861386
0 0.448246753247 0.347920792079 0.110584415584 0.168613861386
