0 0.421168831169 0.79896039604 0.117792207792 0.179603960396
0 0.479805194805 0.844356435644 0.123246753247 0.187920792079
0 0.561883116883 0.676584158416 0.121428571429 0.185148514851
0 0.448246753247 0.653168316832 0.134025974026 0.204356435644
0 0.55012987013 0.522574257426 0.121428571429 0.185148514851
0 0.505941558442 0.448316831683 0.121428571429 0.185148514851
0 0.408538961039 0.456534653465 0.116038961039 0.176930693069
0 0.254318181818 0.369900990099 0.123246753247 0.187920792079
0 0.761168831169 0.246138613861 0.135844155844 0.207128712871
0 0.614188311688 0.210396039604 0.128636363636 0.196138613861
