0 0.946980519481 0.690297029703 0.141233766234 0.215346534653
0 0.515876623377 0.776930693069 0.134025974026 0.204356435644
0 0.778311688312 0.305297029703 0.148506493506 0.226435643564
0 0.626818181818 0.288762376238 0.155714285714 0.237425742574
0 0.386915584416 0.539059405941 0.125 0.190594059406
0 0.286785714286 0.499158415842 0.117792207792 0.179603960396
0 0.256136363636 0.413910891089 0.135844155844 0.207128712871
0 0.321071428571 0.181534653465 0.125 0.190594059406
0 0.37788961039 0.00138613861386 0.116038961039 0.176930693069
0 0.131688311688 0.0797524752475 0.141233766234 0.215346534653
