0 0.118344155844 0.812821782178 0.0900649350649 0.137326732673
0 0.326785714286 0.961336633663 0.0900649350649 0.137326732673
0 0.405324675325 0.945396039604 0.0900649350649 0.137326732673
0 0.44512987013 0.919851485149 0.0900649350649 0.137326732673
0 0.525779220779 0.908663366337 0.0900649350649 0.137326732673
0 0.515292207792 0.718613861386 0.0900649350649 0.137326732673
0 0.514253246753 0.579702970297 0.0900649350649 0.137326732673
0 0.450357142857 0.568514851485 0.0900649350649 0.137326732673
0 0.490162337662 0.448762376238 0.0837662337662 0.127722772277
0 0.229383116883 0.407227722772 0.0837662337662 0.127722772277
0 0.261850649351 0.464702970297 0.0837662337662 0.127722772277
0 0.478636363636 0.105396039604 0.102597402597 0.156435643564
0 0.923766233766 0.507821782178 0.0900649350649 0.137326732673
0 0.853571428571 0.662722772277 0.0900649350649 0.137326732673
0 0.766655844156 0.431188118812 0.0837662337662 0.127722772277
0 0.660876623377 0.787277227723 0.0837662337662 0.127722772277
