0 0.341428571429 0.688267326733 0.0984415584416 0.150099009901
0 0.128831168831 0.756930693069 0.0984415584416 0.150099009901
0 0.0586363636364 0.851188118812 0.0921428571429 0.140495049505
0 0.105779220779 0.833613861386 0.0921428571429 0.140495049505
0 0.186428571429 0.921435643564 0.0921428571429 0.140495049505
0 0.0586363636364 0.573316831683 0.0837662337662 0.127722772277
0 0.571850649351 0.910247524752 0.0837662337662 0.127722772277
0 0.515292207792 0.951782178218 0.0774675324675 0.118118811881
0 0.584415584416 0.597277227723 0.0921428571429 0.140495049505
0 0.673441558442 0.496633663366 0.0942207792208 0.143663366337
0 0.690194805195 0.60202970297 0.087987012987 0.134158415842
0 0.70487012987 0.552524752475 0.087987012987 0.134158415842
0 0.772922077922 0.704257425743 0.087987012987 0.134158415842
0 0.781331168831 0.274653465347 0.134025974026 0.204356435644
0 0.905941558442 0.183663366337 0.121493506494 0.185247524752
