0 0.338214285714 0.979108910891 0.121428571429 0.185148514851
0 0.172272727273 0.859455445545 0.114220779221 0.174158415842
0 0.279577922078 0.875940594059 0.139480519481 0.212673267327
0 0.150616883117 0.621584158416 0.139480519481 0.212673267327
0 0.248928571429 0.489554455446 0.121428571429 0.185148514851
0 0.147922077922 0.438663366337 0.121428571429 0.185148514851
0 0.111818181818 0.235148514851 0.15025974026 0.229108910891
0 0.248019480519 0.235148514851 0.15025974026 0.229108910891
0 0.606071428571 0.15400990099 0.105194805195 0.160396039604
0 0.71788961039 0.127871287129 0.132272727273 0.201683168317
0 0.789155844156 0.130643564356 0.132272727273 0.201683168317
0 0.910909090909 0.0673762376238 0.126818181818 0.193366336634
