0 0.123571428571 0.402920792079 0.135844155844 0.207128712871
0 0.166850649351 0.152623762376 0.135844155844 0.207128712871
0 0.0667532467532 0.171881188119 0.123246753247 0.187920792079
0 0.0586363636364 0.055 0.107012987013 0.163168316832
0 0.0658441558442 0.609207920792 0.137662337662 0.209900990099
0 0.335487012987 0.855346534653 0.137662337662 0.209900990099
0 0.456363636364 0.932326732673 0.130454545455 0.198910891089
0 0.950584415584 0.671089108911 0.130454545455 0.198910891089
0 0.267857142857 0.111386138614 0.125 0.190594059406
0 0.253441558442 0.488168316832 0.128636363636 0.196138613861
