0 0.490162337662 0.364108910891 0.115194805195 0.175643564356
0 0.596980519481 0.373663366337 0.110974025974 0.169207920792
0 0.446168831169 0.868712871287 0.0963636363636 0.146930693069
0 0.778181818182 0.705841584158 0.102597402597 0.156435643564
0 0.808538961039 0.788861386139 0.102597402597 0.156435643564
0 0.878733766234 0.70103960396 0.102597402597 0.156435643564
0 0.845194805195 0.479059405941 0.102597402597 0.156435643564
0 0.726850649351 0.469504950495 0.102597402597 0.156435643564
0 0.762467532468 0.394455445545 0.0900649350649 0.137326732673
0 0.996006493506 0.734603960396 0.0900649350649 0.137326732673
