0 0.151103896104 0.69495049505 0.131623376623 0.200693069307
0 0.24974025974 0.776831683168 0.114090909091 0.17396039604
0 0.348409090909 0.746386138614 0.114090909091 0.17396039604
0 0.39461038961 0.681633663366 0.101623376623 0.15495049505
0 0.590649350649 0.782574257426 0.109090909091 0.166336633663
0 0.671818181818 0.685445544554 0.109090909091 0.166336633663
0 0.786720779221 0.742574257426 0.0916233766234 0.139702970297
0 0.815422077922 0.580742574257 0.0916233766234 0.139702970297
0 0.930324675325 0.548366336634 0.111623376623 0.170198019802
0 0.991493506494 0.683564356436 0.111623376623 0.170198019802
