0 0.39961038961 0.634059405941 0.159090909091 0.242574257426
0 0.427077922078 0.776831683168 0.159090909091 0.242574257426
0 0.545714285714 0.715940594059 0.159090909091 0.242574257426
0 0.713051948052 0.744455445545 0.144090909091 0.219702970297
0 0.842922077922 0.363663366337 0.129090909091 0.196831683168
0 0.929058441558 0.262772277228 0.129090909091 0.196831683168
0 0.961525974026 0.458861386139 0.129090909091 0.196831683168
0 0.885357142857 0.089504950495 0.129090909091 0.196831683168
0 0.776720779221 0.13900990099 0.129090909091 0.196831683168
0 0.970292207792 0.171386138614 0.116623376623 0.177821782178
