0 0.265162337662 0.789306930693 0.101558441558 0.154851485149
0 0.276883116883 0.492277227723 0.101558441558 0.154851485149
0 0.36525974026 0.386435643564 0.0925324675325 0.141089108911
0 0.496038961039 0.523910891089 0.0871428571429 0.132871287129
0 0.46987012987 0.507425742574 0.0871428571429 0.132871287129
0 0.558246753247 0.335544554455 0.110584415584 0.168613861386
0 0.644837662338 0.419405940594 0.110584415584 0.168613861386
0 0.773798701299 0.679306930693 0.097987012987 0.149405940594
0 0.873019480519 0.646336633663 0.112402597403 0.171386138614
0 0.946071428571 0.552821782178 0.0871428571429 0.132871287129
