0 0.00451298701299 0.823712871287 0.121428571429 0.185148514851
0 0.128961038961 0.811336633663 0.14487012987 0.220891089109
0 0.0631168831169 0.63396039604 0.139480519481 0.212673267327
0 0.103701298701 0.543168316832 0.139480519481 0.212673267327
0 0.199318181818 0.525297029703 0.116038961039 0.176930693069
0 0.565487012987 0.56103960396 0.126818181818 0.193366336634
0 0.471688311688 0.479900990099 0.132272727273 0.201683168317
0 0.413051948052 0.335544554455 0.103376623377 0.157623762376
0 0.176753246753 0.38504950495 0.117792207792 0.179603960396
0 0.0883766233766 0.305297029703 0.117792207792 0.179603960396
0 0.166850649351 0.211782178218 0.116038961039 0.176930693069
0 0.073961038961 0.200792079208 0.101558441558 0.154851485149
0 0.0189285714286 0.299801980198 0.0943506493506 0.143861386139
