0 0.195844155844 0.392821782178 0.0942207792208 0.143663366337
0 0.275454545455 0.523811881188 0.0942207792208 0.143663366337
0 0.323636363636 0.426386138614 0.0942207792208 0.143663366337
0 0.369707792208 0.514207920792 0.0942207792208 0.143663366337
0 0.481785714286 0.501435643564 0.0837662337662 0.127722772277
0 0.00733766233766 0.22198019802 0.0837662337662 0.127722772277
0 0.099512987013 0.0271287128713 0.0837662337662 0.127722772277
0 0.633636363636 0.0638613861386 0.0837662337662 0.127722772277
0 0.743603896104 0.499851485149 0.0837662337662 0.127722772277
0 0.670292207792 0.479059405941 0.0837662337662 0.127722772277
0 0.631558441558 0.603663366337 0.0733116883117 0.111782178218
