0 0.0858766233766 0.550940594059 0.127727272727 0.194752475248
0 0.0335064935065 0.389653465347 0.119350649351 0.18198019802
0 0.242987012987 0.0638613861386 0.119350649351 0.18198019802
0 0.342467532468 0.0543069306931 0.119350649351 0.18198019802
0 0.220974025974 0.348118811881 0.119350649351 0.18198019802
0 0.296396103896 0.351336633663 0.119350649351 0.18198019802
0 0.399025974026 0.435940594059 0.0984415584416 0.150099009901
0 0.519480519481 0.405643564356 0.115194805195 0.175643564356
0 0.631558441558 0.370495049505 0.115194805195 0.175643564356
0 0.582305194805 0.44396039604 0.100519480519 0.153267326733
0 0.738376623377 0.860742574257 0.110974025974 0.169207920792
0 0.0911038961039 0.734603960396 0.0984415584416 0.150099009901
