0 0.220974025974 0.22995049505 0.115194805195 0.175643564356
0 0.146623376623 0.335346534653 0.115194805195 0.175643564356
0 0.264967532468 0.373663366337 0.115194805195 0.175643564356
0 0.247175324675 0.439158415842 0.115194805195 0.175643564356
0 0.272305194805 0.554158415842 0.115194805195 0.175643564356
0 0.356103896104 0.538168316832 0.106818181818 0.162871287129
0 0.324675324675 0.242722772277 0.115194805195 0.175643564356
0 0.246136363636 0.145297029703 0.110974025974 0.169207920792
0 0.483863636364 0.245940594059 0.110974025974 0.169207920792
0 0.488051948052 0.725 0.110974025974 0.169207920792
0 0.561363636364 0.680297029703 0.110974025974 0.169207920792
0 0.591753246753 0.0846534653465 0.110974025974 0.169207920792
0 0.715324675325 0.0431188118812 0.110974025974 0.169207920792
0 0.846266233766 0.0159900990099 0.110974025974 0.169207920792
0 0.93525974026 0.608415841584 0.100519480519 0.153267326733
