0 0.426590909091 0.677920792079 0.117792207792 0.179603960396
0 0.472597402597 0.523910891089 0.117792207792 0.179603960396
0 0.528506493506 0.662821782178 0.110584415584 0.168613861386
0 0.857694805195 0.177376237624 0.128636363636 0.196138613861
0 0.808993506494 0.301138613861 0.114220779221 0.174158415842
0 0.890162337662 0.380891089109 0.114220779221 0.174158415842
0 0.923506493506 0.437277227723 0.107012987013 0.163168316832
0 0.808993506494 0.478564356436 0.107012987013 0.163168316832
0 0.788246753247 0.559702970297 0.107012987013 0.163168316832
0 0.894675324675 0.600940594059 0.107012987013 0.163168316832
0 0.803571428571 0.965346534653 0.107012987013 0.163168316832
