0 0.174902597403 0.482277227723 0.113116883117 0.172475247525
0 0.0387662337662 0.301831683168 0.113116883117 0.172475247525
0 0.0575974025974 0.12297029703 0.106818181818 0.162871287129
0 0.108928571429 0.175643564356 0.119350649351 0.18198019802
0 0.220974025974 0.279455445545 0.121493506494 0.185247524752
0 0.395909090909 0.0 0.121493506494 0.185247524752
0 0.407402597403 0.582871287129 0.10474025974 0.159702970297
0 0.47025974026 0.471089108911 0.10474025974 0.159702970297
0 0.502727272727 0.678712871287 0.10474025974 0.159702970297
0 0.592792207792 0.590841584158 0.113116883117 0.172475247525
0 0.675519480519 0.576485148515 0.113116883117 0.172475247525
0 0.680779220779 0.937376237624 0.100519480519 0.153267326733
0 0.596980519481 0.988514851485 0.100519480519 0.153267326733
0 0.673441558442 0.777722772277 0.100519480519 0.153267326733
