0 0.283181818182 0.980495049505 0.123246753247 0.187920792079
0 0.32737012987 0.830594059406 0.117792207792 0.179603960396
0 0.233571428571 0.845693069307 0.117792207792 0.179603960396
0 0.284090909091 0.708217821782 0.117792207792 0.179603960396
0 0.201103896104 0.690297029703 0.117792207792 0.179603960396
0 0.209220779221 0.539059405941 0.114220779221 0.174158415842
0 0.305746753247 0.401534653465 0.11961038961 0.182376237624
0 0.172272727273 0.391930693069 0.123246753247 0.187920792079
0 0.250714285714 0.266782178218 0.123246753247 0.187920792079
0 0.349025974026 0.20900990099 0.123246753247 0.187920792079
0 0.514058441558 0.060495049505 0.123246753247 0.187920792079
0 0.671006493506 0.339653465347 0.117792207792 0.179603960396
0 0.676396103896 0.514306930693 0.112402597403 0.171386138614
0 0.770194805195 0.394653465347 0.11961038961 0.182376237624
