0 0.142435064935 0.76495049505 0.110974025974 0.169207920792
0 0.0670454545455 0.862326732673 0.100519480519 0.153267326733
0 0.171753246753 0.918217821782 0.100519480519 0.153267326733
0 0.145584415584 0.143712871287 0.12987012987 0.19801980198
0 0.0429545454545 0.0686633663366 0.12987012987 0.19801980198
0 0.471298701299 0.0814356435644 0.142402597403 0.217128712871
0 0.487012987013 0.282673267327 0.142402597403 0.217128712871
0 0.846266233766 0.293811881188 0.146623376623 0.223564356436
0 0.934220779221 0.201237623762 0.146623376623 0.223564356436
0 0.883961038961 0.434356435644 0.136103896104 0.207524752475
