0 0.217857142857 0.908663366337 0.0858441558442 0.130891089109
0 0.220974025974 0.804851485149 0.0858441558442 0.130891089109
0 0.302694805195 0.729801980198 0.0942207792208 0.143663366337
0 0.378084415584 0.725 0.0942207792208 0.143663366337
0 0.365519480519 0.520594059406 0.0837662337662 0.127722772277
0 0.570811688312 0.621188118812 0.0837662337662 0.127722772277
0 0.589642857143 0.565297029703 0.0921428571429 0.140495049505
0 0.745714285714 0.613217821782 0.0921428571429 0.140495049505
0 0.983441558442 0.261881188119 0.108896103896 0.16603960396
0 0.849383116883 0.595643564356 0.0984415584416 0.150099009901
0 0.637824675325 0.656336633663 0.0900649350649 0.137326732673
