0 0.301623376623 0.0255445544554 0.127727272727 0.194752475248
0 0.161298701299 0.0319306930693 0.127727272727 0.194752475248
0 0.275454545455 0.257128712871 0.127727272727 0.194752475248
0 0.152922077922 0.239554455446 0.127727272727 0.194752475248
0 0.0607467532468 0.779306930693 0.127727272727 0.194752475248
0 0.193766233766 0.726584158416 0.121493506494 0.185247524752
0 0.356103896104 0.699455445545 0.131948051948 0.201188118812
0 0.406363636364 0.761732673267 0.123571428571 0.188415841584
0 0.370746753247 0.988514851485 0.123571428571 0.188415841584
0 0.446168831169 0.958168316832 0.123571428571 0.188415841584
0 0.283831168831 0.993316831683 0.123571428571 0.188415841584
0 0.819025974026 0.752178217822 0.123571428571 0.188415841584
0 0.898603896104 0.798465346535 0.123571428571 0.188415841584
