0 0.814837662338 0.855940594059 0.123571428571 0.188415841584
0 0.696493506494 0.768118811881 0.117272727273 0.178811881188
0 0.610584415584 0.672326732673 0.102597402597 0.156435643564
0 0.343538961039 0.424801980198 0.102597402597 0.156435643564
0 0.285909090909 0.365693069307 0.121493506494 0.185247524752
0 0.228311688312 0.325792079208 0.121493506494 0.185247524752
0 0.457694805195 0.961336633663 0.121493506494 0.185247524752
0 0.311071428571 0.972524752475 0.121493506494 0.185247524752
0 0.181201298701 0.870346534653 0.106818181818 0.162871287129
0 0.0837987012987 0.734603960396 0.106818181818 0.162871287129
