0 0.0177922077922 0.00321782178218 0.110974025974 0.169207920792
0 0.0722727272727 0.0287623762376 0.110974025974 0.169207920792
0 0.350844155844 0.0367326732673 0.127727272727 0.194752475248
0 0.391720779221 0.103811881188 0.127727272727 0.194752475248
0 0.411590909091 0.713811881188 0.127727272727 0.194752475248
0 0.308961038961 0.776089108911 0.102597402597 0.156435643564
0 0.373896103896 0.852772277228 0.102597402597 0.156435643564
0 0.443019480519 0.862326732673 0.0963636363636 0.146930693069
0 0.679707792208 0.702673267327 0.10474025974 0.159702970297
0 0.800162337662 0.375297029703 0.10474025974 0.159702970297
0 0.714285714286 0.0591089108911 0.10474025974 0.159702970297
