0 0.523993506494 0.880099009901 0.105194805195 0.160396039604
0 0.319253246753 0.61603960396 0.114220779221 0.174158415842
0 0.400422077922 0.50603960396 0.114220779221 0.174158415842
0 0.413961038961 0.379554455446 0.110584415584 0.168613861386
0 0.147922077922 0.310792079208 0.097987012987 0.149405940594
0 0.059512987013 0.305297029703 0.110584415584 0.168613861386
0 0.273279220779 0.00277227722772 0.110584415584 0.168613861386
0 0.602467532468 0.12099009901 0.135844155844 0.207128712871
0 0.696233766234 0.430396039604 0.11961038961 0.182376237624
0 0.712467532468 0.367178217822 0.11961038961 0.182376237624
0 0.700746753247 0.0536138613861 0.11961038961 0.182376237624
