0 0.629383116883 0.388415841584 0.124090909091 0.189207920792
0 0.670584415584 0.394158415842 0.124090909091 0.189207920792
0 0.892857142857 0.715940594059 0.101623376623 0.15495049505
0 0.231006493506 0.757821782178 0.101623376623 0.15495049505
0 0.39211038961 0.755891089109 0.0766233766234 0.116831683168
0 0.27474025974 0.415099009901 0.111623376623 0.170198019802
0 0.342142857143 0.403663366337 0.111623376623 0.170198019802
0 0.191071428571 0.333217821782 0.104090909091 0.158712871287
0 0.104902597403 0.786386138614 0.0966233766234 0.147326732673
0 0.116136363636 0.986287128713 0.0741558441558 0.113069306931
0 0.163571428571 0.887277227723 0.0741558441558 0.113069306931
0 0.0374675324675 0.854900990099 0.0741558441558 0.113069306931
0 0.832922077922 0.649257425743 0.0866233766234 0.132079207921
