0 0.26288961039 0.918217821782 0.0733116883117 0.111782178218
0 0.0272402597403 0.967722772277 0.0837662337662 0.127722772277
0 0.555097402597 0.899059405941 0.100519480519 0.153267326733
0 0.802272727273 0.844801980198 0.100519480519 0.153267326733
0 0.873474025974 0.613217821782 0.115194805195 0.175643564356
0 0.890227272727 0.463118811881 0.127727272727 0.194752475248
0 0.996006493506 0.405643564356 0.127727272727 0.194752475248
0 0.866136363636 0.142128712871 0.121493506494 0.185247524752
0 0.88711038961 0.292227722772 0.106818181818 0.162871287129
0 0.978214285714 0.242722772277 0.121493506494 0.185247524752
