0 0.178571428571 0.947475247525 0.121428571429 0.185148514851
0 0.188506493506 0.776930693069 0.17012987013 0.259405940594
0 0.136168831169 0.727425742574 0.15025974026 0.229108910891
0 0.326493506494 0.668316831683 0.157467532468 0.240099009901
0 0.335487012987 0.768712871287 0.14487012987 0.220891089109
0 0.10461038961 0.299801980198 0.139480519481 0.212673267327
0 0.110032467532 0.20900990099 0.139480519481 0.212673267327
0 0.0820779220779 0.0178712871287 0.139480519481 0.212673267327
0 0.845064935065 0.78797029703 0.143051948052 0.218118811881
0 0.242597402597 0.199405940594 0.152077922078 0.231881188119
