0 0.0499350649351 0.588366336634 0.106623376623 0.162574257426
0 0.11987012987 0.409356435644 0.109090909091 0.166336633663
0 0.166071428571 0.232277227723 0.121623376623 0.185445544554
0 0.278474025974 0.201831683168 0.129090909091 0.196831683168
0 0.367142857143 0.169455445545 0.129090909091 0.196831683168
0 0.407077922078 0.127574257426 0.129090909091 0.196831683168
0 0.487012987013 0.264653465347 0.111623376623 0.170198019802
0 0.490746753247 0.175148514851 0.111623376623 0.170198019802
0 0.561948051948 0.0685643564356 0.121623376623 0.185445544554
0 0.747987012987 0.15801980198 0.116623376623 0.177821782178
0 0.824188311688 0.0704455445545 0.116623376623 0.177821782178
0 0.909090909091 0.188514851485 0.116623376623 0.177821782178
0 0.952792207792 0.0152475247525 0.116623376623 0.177821782178
