0 0.26288961039 0.461534653465 0.142402597403 0.217128712871
0 0.38961038961 0.483861386139 0.121493506494 0.185247524752
0 0.298506493506 0.308217821782 0.110974025974 0.169207920792
0 0.2325 0.0814356435644 0.117272727273 0.178811881188
0 0.329902597403 0.0670792079208 0.125649350649 0.191584158416
0 0.403214285714 0.22198019802 0.125649350649 0.191584158416
0 0.484902597403 0.317772277228 0.125649350649 0.191584158416
0 0.693344155844 0.480693069307 0.144545454545 0.220396039604
0 0.756168831169 0.554158415842 0.127727272727 0.194752475248
0 0.601168831169 0.855940594059 0.102597402597 0.156435643564
0 0.0366558441558 0.961336633663 0.119350649351 0.18198019802
0 0.697532467532 0.0127722772277 0.119350649351 0.18198019802
