0 0.133474025974 0.737079207921 0.0925324675325 0.141089108911
0 0.107337662338 0.628415841584 0.139480519481 0.212673267327
0 0.229967532468 0.614702970297 0.139480519481 0.212673267327
0 0.157824675325 0.401534653465 0.146688311688 0.223663366337
0 0.286785714286 0.34103960396 0.146688311688 0.223663366337
0 0.265162337662 0.160891089109 0.137662337662 0.209900990099
0 0.144285714286 0.18702970297 0.143051948052 0.218118811881
0 0.18487012987 0.00826732673267 0.132272727273 0.201683168317
0 0.293116883117 0.0426237623762 0.126818181818 0.193366336634
0 0.894675324675 0.0343564356436 0.148506493506 0.226435643564
