0 0.167564935065 0.293811881188 0.108896103896 0.16603960396
0 0.149772727273 0.437574257426 0.110974025974 0.169207920792
0 0.238798701299 0.424801980198 0.100519480519 0.153267326733
0 0.543571428571 0.32896039604 0.100519480519 0.153267326733
0 0.424188311688 0.463118811881 0.100519480519 0.153267326733
0 0.617922077922 0.429554455446 0.100519480519 0.153267326733
0 0.667142857143 0.284257425743 0.106818181818 0.162871287129
0 0.902792207792 0.338564356436 0.140324675325 0.21396039604
0 0.921655844156 0.780891089109 0.102597402597 0.156435643564
0 0.410551948052 0.191633663366 0.102597402597 0.156435643564
