0 0.140681818182 0.958465346535 0.125 0.190594059406
0 0.161428571429 0.760445544554 0.117792207792 0.179603960396
0 0.366168831169 0.713712871287 0.121428571429 0.185148514851
0 0.36525974026 0.929603960396 0.114220779221 0.174158415842
0 0.466266233766 0.834702970297 0.121428571429 0.185148514851
0 0.602467532468 0.748069306931 0.107012987013 0.163168316832
0 0.680909090909 0.566534653465 0.121428571429 0.185148514851
0 0.969512987013 0.523910891089 0.108766233766 0.165841584158
0 0.726006493506 0.0976237623762 0.114220779221 0.174158415842
0 0.834220779221 0.0440099009901 0.108766233766 0.165841584158
0 0.339090909091 0.466188118812 0.128636363636 0.196138613861
0 0.381493506494 0.290148514851 0.123246753247 0.187920792079
0 0.174967532468 0.503316831683 0.121428571429 0.185148514851
0 0.141590909091 0.365792079208 0.134025974026 0.204356435644
0 0.0658441558442 0.442772277228 0.134025974026 0.204356435644
