0 0.502727272727 0.482277227723 0.121493506494 0.185247524752
0 0.601168831169 0.424801980198 0.121493506494 0.185247524752
0 0.615844155844 0.0558910891089 0.12987012987 0.19801980198
0 0.733149350649 0.156485148515 0.12987012987 0.19801980198
0 0.77711038961 0.236336633663 0.12987012987 0.19801980198
0 0.88711038961 0.233168316832 0.12987012987 0.19801980198
0 0.889188311688 0.335346534653 0.12987012987 0.19801980198
0 0.816915584416 0.523811881188 0.123571428571 0.188415841584
0 0.944707792208 0.475891089109 0.113116883117 0.172475247525
0 0.715324675325 0.370495049505 0.113116883117 0.172475247525
0 0.0167532467532 0.752178217822 0.106818181818 0.162871287129
0 0.70487012987 0.464702970297 0.0984415584416 0.150099009901
