0 0.105779220779 0.161287128713 0.140324675325 0.21396039604
0 0.204220779221 0.324158415842 0.152922077922 0.233168316832
0 0.412662337662 0.360891089109 0.134025974026 0.204356435644
0 0.552987012987 0.388069306931 0.136103896104 0.207524752475
0 0.117305194805 0.562128712871 0.136103896104 0.207524752475
0 0.0439935064935 0.34495049505 0.136103896104 0.207524752475
0 0.139285714286 0.731386138614 0.12987012987 0.19801980198
0 0.0146753246753 0.686683168317 0.12987012987 0.19801980198
0 0.0754220779221 0.855940594059 0.12987012987 0.19801980198
0 0.940519480519 0.94698019802 0.134025974026 0.204356435644
