0 0.122532467532 0.20599009901 0.148701298701 0.226732673267
0 0.822175324675 0.418415841584 0.138246753247 0.210792079208
0 0.921655844156 0.415198019802 0.138246753247 0.210792079208
0 0.617922077922 0.0766336633663 0.117272727273 0.178811881188
0 0.289058441558 0.544554455446 0.117272727273 0.178811881188
0 0.209480519481 0.919851485149 0.123571428571 0.188415841584
0 0.979253246753 0.849554455446 0.110974025974 0.169207920792
0 0.640974025974 0.336930693069 0.110974025974 0.169207920792
0 0.463961038961 0.386435643564 0.102597402597 0.156435643564
0 0.192694805195 0.309801980198 0.102597402597 0.156435643564
