0 0.648441558442 0.939207920792 0.0961688311688 0.146633663366
0 0.570876623377 0.96396039604 0.0961688311688 0.146633663366
0 0.528506493506 0.820940594059 0.0961688311688 0.146633663366
0 0.581720779221 0.676584158416 0.101558441558 0.154851485149
0 0.671006493506 0.756336633663 0.101558441558 0.154851485149
0 0.67461038961 0.53495049505 0.101558441558 0.154851485149
0 0.583506493506 0.486782178218 0.110584415584 0.168613861386
0 0.605162337662 0.325891089109 0.112402597403 0.171386138614
0 0.70525974026 0.386435643564 0.112402597403 0.171386138614
0 0.744058441558 0.24202970297 0.103376623377 0.157623762376
0 0.726915584416 0.0894059405941 0.108766233766 0.165841584158
0 0.645746753247 0.202128712871 0.101558441558 0.154851485149
