0 0.1425 0.544554455446 0.117792207792 0.179603960396
0 0.192987012987 0.622920792079 0.112402597403 0.171386138614
0 0.808993506494 0.79896039604 0.132272727273 0.201683168317
0 0.671883116883 0.776930693069 0.121428571429 0.185148514851
0 0.713376623377 0.625693069307 0.130454545455 0.198910891089
0 0.813506493506 0.583069306931 0.141233766234 0.215346534653
0 0.651168831169 0.56103960396 0.11961038961 0.182376237624
0 0.833344155844 0.460693069307 0.121428571429 0.185148514851
0 0.743149350649 0.345148514851 0.11961038961 0.182376237624
0 0.796363636364 0.29702970297 0.11961038961 0.182376237624
0 0.658376623377 0.140247524752 0.11961038961 0.182376237624
0 0.53211038961 0.0866336633663 0.108766233766 0.165841584158
