0 0.424188311688 0.83198019802 0.0900649350649 0.137326732673
0 0.513181818182 0.744158415842 0.0858441558442 0.130891089109
0 0.496428571429 0.661138613861 0.0858441558442 0.130891089109
0 0.204220779221 0.474306930693 0.0858441558442 0.130891089109
0 0.204220779221 0.375297029703 0.0900649350649 0.137326732673
0 0.402175324675 0.375297029703 0.0900649350649 0.137326732673
0 0.44512987013 0.065495049505 0.087987012987 0.134158415842
0 0.521590909091 0.00960396039604 0.087987012987 0.134158415842
0 0.689155844156 0.570099009901 0.087987012987 0.134158415842
0 0.67762987013 0.728217821782 0.0858441558442 0.130891089109
0 0.756168831169 0.498267326733 0.0837662337662 0.127722772277
