0 0.468961038961 0.58995049505 0.110584415584 0.168613861386
0 0.132564935065 0.584455445545 0.114220779221 0.174158415842
0 0.220064935065 0.522574257426 0.114220779221 0.174158415842
0 0.122662337662 0.423564356436 0.114220779221 0.174158415842
0 0.109123376623 0.152623762376 0.105194805195 0.160396039604
0 0.195714285714 0.0591089108911 0.0998051948052 0.152178217822
0 0.295811688312 0.353415841584 0.0998051948052 0.152178217822
0 0.743149350649 0.55004950495 0.0998051948052 0.152178217822
0 0.86038961039 0.528069306931 0.0998051948052 0.152178217822
0 0.987564935065 0.408415841584 0.0998051948052 0.152178217822
