0 0.410357142857 0.980495049505 0.105194805195 0.160396039604
0 0.381493506494 0.756336633663 0.14487012987 0.220891089109
0 0.527597402597 0.752178217822 0.141233766234 0.215346534653
0 0.468084415584 0.570693069307 0.14487012987 0.220891089109
0 0.923506493506 0.540445544554 0.128636363636 0.196138613861
0 0.83512987013 0.457920792079 0.128636363636 0.196138613861
0 0.404935064935 0.133366336634 0.097987012987 0.149405940594
0 0.506850649351 0.144405940594 0.112402597403 0.171386138614
0 0.524902597403 0.310792079208 0.0943506493506 0.143861386139
0 0.731428571429 0.298415841584 0.0943506493506 0.143861386139
