0 0.0691233766234 0.0527227722772 0.10474025974 0.159702970297
0 0.118344155844 0.00321782178218 0.10474025974 0.159702970297
0 0.341428571429 0.586089108911 0.10474025974 0.159702970297
0 0.268116883117 0.20599009901 0.0900649350649 0.137326732673
0 0.836818181818 0.373663366337 0.106818181818 0.162871287129
0 0.924805194805 0.373663366337 0.106818181818 0.162871287129
0 0.476525974026 0.788861386139 0.106818181818 0.162871287129
0 0.402175324675 0.74896039604 0.106818181818 0.162871287129
0 0.47025974026 0.910247524752 0.0942207792208 0.143663366337
0 0.496428571429 0.723415841584 0.0942207792208 0.143663366337
0 0.712175324675 0.421584158416 0.0942207792208 0.143663366337
