0 0.870324675325 0.988712871287 0.123246753247 0.187920792079
0 0.946980519481 0.840198019802 0.137662337662 0.209900990099
0 0.616883116883 0.752178217822 0.134025974026 0.204356435644
0 0.735032467532 0.69995049505 0.146688311688 0.223663366337
0 0.821623376623 0.587178217822 0.123246753247 0.187920792079
0 0.762987012987 0.492277227723 0.155714285714 0.237425742574
0 0.630422077922 0.569306930693 0.141233766234 0.215346534653
0 0.585324675325 0.380891089109 0.128636363636 0.196138613861
0 0.494220779221 0.599554455446 0.14487012987 0.220891089109
0 0.459058441558 0.393267326733 0.162922077922 0.248415841584
0 0.359837662338 0.55004950495 0.141233766234 0.215346534653
0 0.298506493506 0.375396039604 0.162922077922 0.248415841584
0 0.396818181818 0.200792079208 0.15025974026 0.229108910891
0 0.200227272727 0.211782178218 0.130454545455 0.198910891089
0 0.116331168831 0.34103960396 0.159285714286 0.242871287129
0 0.119058441558 0.617425742574 0.125 0.190594059406
0 0.236298701299 0.680693069307 0.141233766234 0.215346534653
