0 0.118344155844 0.0606930693069 0.110974025974 0.169207920792
0 0.743603896104 0.039900990099 0.121493506494 0.185247524752
0 0.85987012987 0.00638613861386 0.121493506494 0.185247524752
0 0.62737012987 0.00638613861386 0.10474025974 0.159702970297
0 0.734188311688 0.721831683168 0.0963636363636 0.146930693069
0 0.0691233766234 0.00158415841584 0.0963636363636 0.146930693069
0 0.177012987013 0.0462871287129 0.0963636363636 0.146930693069
0 0.638863636364 0.697871287129 0.0963636363636 0.146930693069
0 0.00733766233766 0.42 0.0963636363636 0.146930693069
0 0.103701298701 0.432772277228 0.0963636363636 0.146930693069
0 0.83262987013 0.110198019802 0.0963636363636 0.146930693069
