0 0.163571428571 0.670198019802 0.101623376623 0.15495049505
0 0.242272727273 0.626435643564 0.101623376623 0.15495049505
0 0.0686688311688 0.763514851485 0.101623376623 0.15495049505
0 0.015 0.653069306931 0.101623376623 0.15495049505
0 0.0212337662338 0.750198019802 0.101623376623 0.15495049505
0 0.357142857143 0.845396039604 0.114090909091 0.17396039604
0 0.604383116883 0.940594059406 0.106623376623 0.162574257426
0 0.929058441558 0.990099009901 0.106623376623 0.162574257426
0 0.821688311688 0.925346534653 0.0966233766234 0.147326732673
0 0.797954545455 0.948217821782 0.0966233766234 0.147326732673
