0 0.150811688312 0.554158415842 0.123571428571 0.188415841584
0 0.0575974025974 0.702673267327 0.123571428571 0.188415841584
0 0.390649350649 0.544554455446 0.108896103896 0.16603960396
0 0.669253246753 0.560544554455 0.117272727273 0.178811881188
0 0.724772727273 0.42 0.117272727273 0.178811881188
0 0.756168831169 0.261881188119 0.117272727273 0.178811881188
0 0.710097402597 0.127772277228 0.106818181818 0.162871287129
0 0.93737012987 0.0638613861386 0.106818181818 0.162871287129
0 0.866136363636 0.210792079208 0.115194805195 0.175643564356
0 0.874512987013 0.39603960396 0.115194805195 0.175643564356
0 0.847305194805 0.458316831683 0.127727272727 0.194752475248
0 0.784448051948 0.712227722772 0.113116883117 0.172475247525
0 0.882922077922 0.670693069307 0.113116883117 0.172475247525
0 0.950974025974 0.74896039604 0.113116883117 0.172475247525
0 0.779220779221 0.929405940594 0.102597402597 0.156435643564
