0 0.0586363636364 0.423564356436 0.117792207792 0.179603960396
0 0.323766233766 0.301138613861 0.117792207792 0.179603960396
0 0.661980519481 0.697178217822 0.0998051948052 0.152178217822
0 0.553766233766 0.627079207921 0.130454545455 0.198910891089
0 0.730519480519 0.536287128713 0.134025974026 0.204356435644
0 0.568181818182 0.397425742574 0.134025974026 0.204356435644
0 0.66288961039 0.281881188119 0.15025974026 0.229108910891
0 0.763896103896 0.290148514851 0.11961038961 0.182376237624
0 0.67461038961 0.112772277228 0.143051948052 0.218118811881
0 0.594350649351 0.173267326733 0.117792207792 0.179603960396
0 0.623181818182 0.00826732673267 0.117792207792 0.179603960396
