0 0.492435064935 0.992871287129 0.0961688311688 0.146633663366
0 0.298506493506 0.716435643564 0.116038961039 0.176930693069
0 0.144285714286 0.58995049505 0.126818181818 0.193366336634
0 0.266038961039 0.473069306931 0.116038961039 0.176930693069
0 0.172272727273 0.422178217822 0.128636363636 0.196138613861
0 0.22275974026 0.295643564356 0.128636363636 0.196138613861
0 0.0974025974026 0.301138613861 0.128636363636 0.196138613861
0 0.22275974026 0.0371287128713 0.128636363636 0.196138613861
0 0.338214285714 0.00138613861386 0.121428571429 0.185148514851
0 0.855876623377 0.218663366337 0.097987012987 0.149405940594
0 0.954188311688 0.145742574257 0.105194805195 0.160396039604
