0 0.128831168831 0.579702970297 0.131948051948 0.201188118812
0 0.0240909090909 0.507821782178 0.131948051948 0.201188118812
0 0.0586363636364 0.691485148515 0.108896103896 0.16603960396
0 0.198993506494 0.788861386139 0.113116883117 0.172475247525
0 0.229383116883 0.798465346535 0.113116883117 0.172475247525
0 0.239837662338 0.937376237624 0.121493506494 0.185247524752
0 0.260779220779 0.93099009901 0.121493506494 0.185247524752
0 0.541461038961 0.745792079208 0.121493506494 0.185247524752
0 0.585454545455 0.598861386139 0.115194805195 0.175643564356
0 0.623181818182 0.431188118812 0.121493506494 0.185247524752
0 0.49224025974 0.423168316832 0.12987012987 0.19801980198
0 0.565551948052 0.341732673267 0.115194805195 0.175643564356
0 0.815876623377 0.594059405941 0.110974025974 0.169207920792
0 0.986590909091 0.550940594059 0.110974025974 0.169207920792
0 0.325714285714 0.0 0.110974025974 0.169207920792
