0 0.308441558442 0.717821782178 0.125 0.190594059406
0 0.923506493506 0.55004950495 0.126818181818 0.193366336634
0 0.948766233766 0.325891089109 0.117792207792 0.179603960396
0 0.686331168831 0.371287128713 0.116038961039 0.176930693069
0 0.748571428571 0.210396039604 0.128636363636 0.196138613861
0 0.616883116883 0.213168316832 0.123246753247 0.187920792079
0 0.511363636364 0.295643564356 0.123246753247 0.187920792079
0 0.552857142857 0.0701485148515 0.128636363636 0.196138613861
0 0.421168831169 0.111386138614 0.126818181818 0.193366336634
0 0.323766233766 0.130643564356 0.114220779221 0.174158415842
0 0.215551948052 0.196633663366 0.128636363636 0.196138613861
0 0.331883116883 0.375396039604 0.0943506493506 0.143861386139
0 0.31025974026 0.306633663366 0.125 0.190594059406
