0 0.464545454545 0.73495049505 0.104090909091 0.158712871287
0 0.413344155844 0.584554455446 0.0991558441558 0.151188118812
0 0.548214285714 0.586435643564 0.104090909091 0.158712871287
0 0.659350649351 0.776831683168 0.104090909091 0.158712871287
0 0.681818181818 0.837772277228 0.104090909091 0.158712871287
0 0.755487012987 0.742574257426 0.104090909091 0.158712871287
0 0.640616883117 0.685445544554 0.104090909091 0.158712871287
0 0.880357142857 0.529306930693 0.101623376623 0.15495049505
0 0.917824675325 0.517920792079 0.101623376623 0.15495049505
0 0.817922077922 0.483613861386 0.0966233766234 0.147326732673
0 0.87038961039 0.0304455445545 0.0966233766234 0.147326732673
0 0.505746753247 0.504554455446 0.0966233766234 0.147326732673
0 0.26974025974 0.670198019802 0.0816233766234 0.124455445545
0 0.686818181818 0.354158415842 0.0791558441558 0.120693069307
