0 0.114155844156 0.376881188119 0.144545454545 0.220396039604
0 0.161298701299 0.244306930693 0.152922077922 0.233168316832
0 0.244025974026 0.298613861386 0.152922077922 0.233168316832
0 0.0335064935065 0.145297029703 0.148701298701 0.226732673267
0 0.568701298701 0.621188118812 0.136103896104 0.207524752475
0 0.49224025974 0.562128712871 0.136103896104 0.207524752475
0 0.630487012987 0.416782178218 0.146623376623 0.223564356436
0 0.765616883117 0.410396039604 0.12987012987 0.19801980198
0 0.620032467532 0.237920792079 0.140324675325 0.21396039604
0 0.978214285714 0.875099009901 0.169675324675 0.258712871287
