0 0.0613311688312 0.947475247525 0.139480519481 0.212673267327
0 0.1425 0.79896039604 0.130454545455 0.198910891089
0 0.0297727272727 0.68896039604 0.11961038961 0.182376237624
0 0.138896103896 0.665544554455 0.126818181818 0.193366336634
0 0.213733766234 0.617425742574 0.14487012987 0.220891089109
0 0.172272727273 0.0935148514851 0.139480519481 0.212673267327
0 0.462662337662 0.548663366337 0.139480519481 0.212673267327
0 0.639415584416 0.463415841584 0.139480519481 0.212673267327
0 0.827012987013 0.45103960396 0.139480519481 0.212673267327
0 0.736818181818 0.0742574257426 0.134025974026 0.204356435644
0 0.893766233766 0.61603960396 0.135844155844 0.207128712871
