0 0.747662337662 0.885594059406 0.130454545455 0.198910891089
0 0.698961038961 0.581683168317 0.130454545455 0.198910891089
0 0.703474025974 0.382277227723 0.123246753247 0.187920792079
0 0.873019480519 0.499158415842 0.123246753247 0.187920792079
0 0.806266233766 0.247524752475 0.112402597403 0.171386138614
0 0.97762987013 0.261287128713 0.123246753247 0.187920792079
0 0.87211038961 0.0151485148515 0.112402597403 0.171386138614
0 0.786428571429 0.0811386138614 0.14487012987 0.220891089109
0 0.763896103896 0.00960396039604 0.14487012987 0.220891089109
0 0.654772727273 0.115495049505 0.148506493506 0.226435643564
0 0.486103896104 0.108613861386 0.112402597403 0.171386138614
0 0.271461038961 0.292920792079 0.128636363636 0.196138613861
0 0.35262987013 0.34103960396 0.123246753247 0.187920792079
