0 0.396818181818 0.935099009901 0.132272727273 0.201683168317
0 0.498733766234 0.871831683168 0.132272727273 0.201683168317
0 0.771103896104 0.792079207921 0.132272727273 0.201683168317
0 0.206525974026 0.518415841584 0.135844155844 0.207128712871
0 0.277792207792 0.427673267327 0.114220779221 0.174158415842
0 0.398636363636 0.332772277228 0.128636363636 0.196138613861
0 0.386915584416 0.170495049505 0.11961038961 0.182376237624
0 0.547435064935 0.332772277228 0.143051948052 0.218118811881
0 0.242597402597 0.039900990099 0.11961038961 0.182376237624
0 0.831525974026 0.0811386138614 0.139480519481 0.212673267327
0 0.332792207792 0.55004950495 0.139480519481 0.212673267327
