0 0.147012987013 0.716435643564 0.0907792207792 0.138415841584
0 0.139805194805 0.595445544554 0.097987012987 0.149405940594
0 0.115454545455 0.577574257426 0.097987012987 0.149405940594
0 0.667402597403 0.871831683168 0.097987012987 0.149405940594
0 0.586233766234 0.503316831683 0.105194805195 0.160396039604
0 0.585324675325 0.369900990099 0.097987012987 0.149405940594
0 0.56275974026 0.31900990099 0.0925324675325 0.141089108911
0 0.708863636364 0.354801980198 0.105194805195 0.160396039604
0 0.639415584416 0.233762376238 0.105194805195 0.160396039604
0 0.614188311688 0.0976237623762 0.105194805195 0.160396039604
