0 0.0062987012987 0.871831683168 0.110584415584 0.168613861386
0 0.339090909091 0.690297029703 0.103376623377 0.157623762376
0 0.578993506494 0.562425742574 0.134025974026 0.204356435644
0 0.693538961039 0.815445544554 0.121428571429 0.185148514851
0 0.800876623377 0.765940594059 0.134025974026 0.204356435644
0 0.778311688312 0.651831683168 0.123246753247 0.187920792079
0 0.810779220779 0.222772277228 0.123246753247 0.187920792079
0 0.840551948052 0.0921287128713 0.116038961039 0.176930693069
0 0.491525974026 0.00277227722772 0.116038961039 0.176930693069
0 0.146103896104 0.189752475248 0.0925324675325 0.141089108911
0 0.302142857143 0.144405940594 0.105194805195 0.160396039604
0 0.405844155844 0.105891089109 0.0943506493506 0.143861386139
