0 0.298506493506 0.759059405941 0.143051948052 0.218118811881
0 0.20474025974 0.860841584158 0.137662337662 0.209900990099
0 0.475292207792 0.830594059406 0.184545454545 0.281386138614
0 0.707077922078 0.554158415842 0.135844155844 0.207128712871
0 0.620487012987 0.479900990099 0.153896103896 0.234653465347
0 0.49512987013 0.413910891089 0.162922077922 0.248415841584
0 0.661071428571 0.246138613861 0.162922077922 0.248415841584
0 0.734123376623 0.215891089109 0.141233766234 0.215346534653
0 0.695357142857 0.0275247524752 0.141233766234 0.215346534653
0 0.538409090909 0.107277227723 0.17012987013 0.259405940594
