0 0.196623376623 0.11 0.123246753247 0.187920792079
0 0.143409090909 0.133366336634 0.123246753247 0.187920792079
0 0.176753246753 0.276386138614 0.116038961039 0.176930693069
0 0.217337662338 0.424900990099 0.116038961039 0.176930693069
0 0.515876623377 0.134752475248 0.110584415584 0.168613861386
0 0.588928571429 0.287425742574 0.110584415584 0.168613861386
0 0.690844155844 0.460693069307 0.097987012987 0.149405940594
0 0.873928571429 0.361683168317 0.112402597403 0.171386138614
0 0.919025974026 0.51702970297 0.112402597403 0.171386138614
0 0.924415584416 0.622920792079 0.116038961039 0.176930693069
