0 0.306396103896 0.310940594059 0.182727272727 0.278613861386
0 0.328733766234 0.590940594059 0.158376623377 0.241485148515
0 0.302337662338 0.67603960396 0.158376623377 0.241485148515
0 0.173506493506 0.635841584158 0.182727272727 0.278613861386
0 0.187694805195 0.683762376238 0.182727272727 0.278613861386
0 0.275974025974 0.728663366337 0.182727272727 0.278613861386
0 0.410909090909 0.736386138614 0.146168831169 0.222871287129
0 0.962857142857 0.821485148515 0.146168831169 0.222871287129
0 0.92025974026 0.847772277228 0.136038961039 0.207425742574
0 0.219155844156 0.0479702970297 0.136038961039 0.207425742574
0 0.339902597403 0.0278217821782 0.136038961039 0.207425742574
0 0.0618831168831 0.0108415841584 0.125909090909 0.19198019802
0 0.50525974026 0.527524752475 0.134025974026 0.204356435644
