0 0.438831168831 0.994900990099 0.10474025974 0.159702970297
0 0.368668831169 0.96297029703 0.10474025974 0.159702970297
0 0.411590909091 0.843168316832 0.123571428571 0.188415841584
0 0.334090909091 0.648366336634 0.123571428571 0.188415841584
0 0.321525974026 0.485445544554 0.110974025974 0.169207920792
0 0.261850649351 0.490247524752 0.110974025974 0.169207920792
0 0.396948051948 0.375297029703 0.117272727273 0.178811881188
0 0.506915584416 0.308217821782 0.117272727273 0.178811881188
0 0.557175324675 0.439158415842 0.117272727273 0.178811881188
0 0.533084415584 0.129356435644 0.117272727273 0.178811881188
0 0.419967532468 0.19004950495 0.117272727273 0.178811881188
0 0.334090909091 0.0558910891089 0.131948051948 0.201188118812
