0 0.11724025974 0.851188118812 0.15025974026 0.229108910891
0 0.556461038961 0.874603960396 0.141233766234 0.215346534653
0 0.663766233766 0.895198019802 0.141233766234 0.215346534653
0 0.794545454545 0.911732673267 0.141233766234 0.215346534653
0 0.937954545455 0.998366336634 0.134025974026 0.204356435644
0 0.723311688312 0.705445544554 0.155714285714 0.237425742574
0 0.609675324675 0.580297029703 0.14487012987 0.220891089109
0 0.217337662338 0.402920792079 0.153896103896 0.234653465347
0 0.332792207792 0.332772277228 0.153896103896 0.234653465347
0 0.449123376623 0.211782178218 0.153896103896 0.234653465347
0 0.36525974026 0.0618811881188 0.143051948052 0.218118811881
0 0.228181818182 0.116881188119 0.15025974026 0.229108910891
0 0.137077922078 0.291534653465 0.137662337662 0.209900990099
0 0.172272727273 0.191138613861 0.137662337662 0.209900990099
